markdown_presentation/Maxent_Alex/sdm_pakistan_maxent/Env_layers/prec_worldclim_10.asc
NCOLS 120 
NROWS 120 
XLLCORNER 60 
YLLCORNER 20 
CELLSIZE 0.166666666666667 
NODATA_value -32768 
[rows 0 to 72 of 120, columns 0 to 95 of 120]
6.000000000000000 6 6 6 6 6 6 6 6 5 5 5 5 5 5 5 5 5 5 5 5 5 5 5 6 6 6 7 7 7 8 9 11 12 12 13 14 15 16 18 19 22 25 30 29 30 35 36 33 33 34 35 37 37 38 39 40 44 46 43 51 51 46 42 45 42 36 39 41 41 43 42 33 40 51 48 39 33 31 30 24 26 24 22 18 17 15 14 14 12 10 9 8 7 6 5
6 6 6 6 6 6 6 6 5 5 5 5 5 5 5 5 5 5 5 5 5 5 5 5 5 6 6 6 7 7 8 8 9 11 13 15 14 15 16 18 19 21 23 26 28 32 38 41 45 44 44 51 49 47 48 49 53 56 58 57 57 62 58 59 56 49 51 60 62 60 64 57 45 48 47 48 38 31 30 24 24 24 21 18 16 15 13 12 10 9 8 7 6 6 5 4
6 6 6 6 6 6 6 6 5 5 5 5 5 5 5 4 4 4 4 4 4 4 5 5 5 5 6 6 6 7 7 8 8 9 10 11 13 14 16 18 20 22 23 25 29 37 43 47 51 56 57 62 62 63 62 65 67 70 73 72 73 72 74 74 67 56 56 61 66 62 48 35 35 28 21 21 21 23 22 22 23 24 21 20 18 15 12 11 9 8 7 6 5 5 4 4
6 6 6 6 6 6 5 5 5 5 5 5 5 5 4 4 4 4 4 4 4 4 4 5 5 5 5 6 6 7 7 8 8 9 10 10 12 13 16 22 26 28 27 28 31 36 37 41 45 50 53 55 59 62 63 63 65 65 66 67 68 67 65 65 61 64 63 47 54 45 31 38 47 35 41 42 44 46 44 33 34 32 24 20 16 13 12 11 8 7 6 5 5 4 4 3
6 6 6 6 6 5 5 5 5 5 5 5 5 4 4 4 4 4 4 4 4 4 4 4 5 5 5 6 6 6 7 7 8 8 9 10 11 12 14 16 19 25 27 34 40 44 44 54 53 63 60 56 63 64 66 67 68 70 69 66 63 59 60 58 50 48 48 36 33 32 58 65 56 48 51 52 53 51 45 33 29 30 25 17 15 17 15 13 10 8 5 5 4 4 3 3
6 6 6 6 6 5 5 5 5 5 5 5 4 4 4 4 4 4 4 4 4 4 4 4 4 5 5 6 6 6 7 7 8 8 9 10 11 12 13 14 15 18 24 33 41 53 57 58 60 61 58 62 61 62 67 64 62 68 66 65 56 52 52 49 45 45 44 45 57 51 49 59 66 50 54 53 53 49 40 33 21 21 27 20 18 12 8 9 13 8 5 4 3 3 3 3
7 6 6 6 6 5 5 5 5 5 5 4 4 4 4 4 4 4 4 4 4 4 4 4 4 5 5 5 6 6 6 7 7 8 8 9 10 11 12 13 15 19 24 33 48 52 47 52 56 61 60 62 55 57 62 57 60 59 59 54 49 53 53 57 53 47 47 59 54 50 69 71 71 60 63 58 48 46 39 27 21 23 24 20 14 11 9 7 8 8 9 4 3 3 2 2
7 6 6 6 6 5 5 5 5 5 5 4 4 4 4 4 4 4 4 4 4 4 4 4 4 5 5 5 6 6 6 6 7 7 8 9 9 10 11 14 21 33 36 40 49 47 37 44 51 48 47 48 46 51 54 51 53 55 50 52 55 52 52 49 46 49 54 43 58 56 59 62 54 67 61 50 45 41 33 25 23 22 21 16 14 12 12 9 7 4 7 4 4 3 2 2
7 7 6 6 6 5 5 5 5 5 5 4 4 4 4 4 4 4 4 4 4 4 4 4 5 5 5 5 6 6 6 6 6 7 7 8 9 10 12 15 20 27 33 40 40 39 32 33 31 30 35 36 37 39 39 44 49 51 50 50 52 51 51 51 48 47 50 57 62 59 39 41 54 60 59 51 34 33 22 29 28 22 17 14 11 9 8 8 7 5 7 10 5 3 3 3
7 7 6 6 6 5 5 5 5 5 4 4 4 4 4 4 4 4 4 4 4 4 4 5 5 5 5 5 5 5 6 6 6 7 7 8 9 11 13 15 20 25 29 37 37 39 23 19 20 26 31 32 34 38 38 38 41 44 43 46 48 49 50 50 42 39 37 46 45 37 45 44 46 55 43 34 32 32 26 29 28 22 19 12 7 7 6 6 7 6 4 6 5 3 2 2
7 7 6 6 6 5 5 5 5 5 4 4 4 4 4 4 4 4 4 4 4 4 5 5 5 5 5 5 5 5 6 6 6 6 7 8 10 11 13 17 21 21 25 25 23 20 16 15 19 26 28 33 32 26 31 37 37 35 38 40 44 47 49 42 49 43 52 37 29 39 46 46 47 28 30 28 30 27 25 22 17 17 15 10 5 6 6 7 5 4 9 6 5 3 2 2
7 7 6 6 6 5 5 5 5 5 4 4 4 4 4 4 4 4 4 4 4 5 5 5 5 5 5 5 5 5 5 5 6 6 6 7 9 11 13 18 22 20 14 14 14 13 12 14 21 24 23 27 19 22 29 26 28 29 32 34 42 42 42 45 53 51 53 35 40 42 41 30 29 33 40 38 36 30 29 24 20 13 9 6 6 4 4 4 5 4 3 4 4 3 2 1
8 7 7 6 6 5 5 5 5 5 4 4 4 4 4 4 4 4 4 5 5 5 5 5 5 6 6 6 6 6 5 5 5 6 6 7 8 10 11 20 19 12 11 11 10 10 10 13 22 17 26 19 13 18 23 22 26 23 23 34 40 35 45 42 43 50 40 29 32 27 34 34 43 44 43 37 32 26 27 23 18 13 12 8 7 5 5 4 4 5 3 2 2 3 1 1
8 7 7 6 6 5 5 5 5 4 4 4 4 4 4 4 5 5 5 5 5 5 5 6 6 6 6 6 6 6 6 5 6 6 6 6 6 7 12 21 11 9 7 7 8 8 9 13 17 15 18 14 11 13 18 18 20 19 25 34 39 33 39 42 44 40 34 44 44 27 43 34 33 30 27 25 25 17 16 12 13 11 8 8 7 6 5 4 3 5 4 2 2 2 2 1
8 7 7 6 6 5 5 5 4 4 4 4 4 4 4 5 5 5 5 5 6 6 6 6 6 7 7 7 7 7 6 6 6 6 6 5 5 6 8 10 7 6 5 6 6 7 8 11 10 12 11 10 10 12 19 19 16 17 21 24 30 30 33 35 40 34 35 43 35 30 27 37 41 39 32 26 29 20 17 17 18 15 11 10 7 6 5 5 3 4 4 3 2 2 2 2
8 7 7 6 6 5 5 5 4 4 4 4 4 4 5 5 5 5 6 6 6 6 7 7 7 7 8 8 8 7 7 7 7 6 6 6 5 5 6 5 5 5 5 5 5 6 7 10 8 10 9 9 10 12 16 19 14 16 22 31 32 34 36 34 35 32 34 38 30 25 33 40 35 27 22 26 26 23 18 13 12 11 9 8 8 7 5 4 3 3 4 3 2 3 2 1
8 8 7 6 6 5 5 5 4 4 4 4 4 4 5 5 5 6 6 6 7 7 7 8 8 8 8 9 9 8 8 8 8 7 7 6 6 6 5 5 5 4 4 4 4 5 6 8 7 9 8 8 9 9 11 15 14 17 23 31 30 29 27 29 32 30 33 39 32 32 30 29 25 25 27 28 23 17 17 19 19 15 12 11 8 6 6 6 5 4 4 3 2 2 2 1
9 8 7 6 6 5 5 5 4 4 4 4 4 5 5 5 5 6 6 7 7 8 8 9 9 9 9 10 10 10 10 9 9 8 8 7 7 6 6 5 5 4 4 4 4 5 5 7 6 7 7 8 9 11 11 12 13 17 24 28 25 26 27 26 26 28 31 30 30 36 39 32 35 34 29 23 18 23 23 21 15 12 11 8 8 8 7 6 4 4 3 3 2 3 3 1
11 9 7 7 6 5 5 4 4 4 4 4 5 5 5 5 6 6 7 7 8 9 9 10 10 11 11 11 11 11 11 11 10 9 9 8 7 7 6 6 5 5 4 4 4 5 5 6 6 7 7 8 8 10 11 13 15 18 19 22 21 25 28 32 29 25 28 38 35 32 41 37 28 21 24 26 22 19 17 17 10 12 11 10 10 9 7 6 4 4 4 4 4 3 3 1
12 11 8 7 6 5 5 4 4 4 4 5 5 5 5 5 6 6 7 8 9 9 10 11 12 12 13 13 13 13 13 12 12 11 10 9 8 7 6 6 5 5 5 5 6 5 5 6 6 7 8 9 8 9 11 14 14 17 21 25 24 28 31 37 34 27 29 40 36 25 34 26 30 35 32 23 22 18 18 17 14 14 13 11 8 8 6 5 4 4 4 4 4 4 3 3
13 11 11 9 7 6 5 4 4 4 4 5 5 5 5 5 6 7 8 9 9 10 11 12 12 13 14 15 15 15 14 14 13 12 11 10 9 8 8 10 8 7 8 11 14 12 9 10 9 8 8 9 10 9 12 16 16 20 23 24 34 28 34 41 32 28 34 35 29 36 33 37 38 31 20 21 21 17 18 14 11 13 9 9 7 9 9 7 5 4 4 4 4 4 4 2
14 13 12 11 9 7 5 5 4 5 5 5 5 5 5 5 6 8 9 9 10 11 11 12 13 14 14 15 16 16 15 14 13 12 11 11 10 9 9 9 8 7 11 20 19 12 10 9 11 12 10 9 10 11 14 16 18 24 34 28 37 38 43 45 32 38 41 37 36 39 41 39 29 24 18 19 20 23 19 13 10 13 10 8 10 7 7 8 6 5 6 4 3 4 4 3
12 13 12 12 10 8 7 6 6 5 5 5 5 5 5 5 6 7 8 9 10 11 12 12 13 13 14 15 17 16 15 14 14 13 12 11 11 12 11 10 9 8 10 12 14 14 11 10 12 12 11 10 9 11 14 17 30 27 42 31 34 42 49 42 37 45 42 41 40 35 35 35 24 20 21 22 23 20 19 15 12 10 8 10 10 8 7 7 6 6 7 8 5 4 4 4
11 11 12 12 12 11 8 7 7 6 5 5 5 5 5 5 5 7 8 9 9 10 11 12 13 13 14 14 15 15 14 14 14 14 13 12 11 10 10 10 9 10 10 11 14 15 16 17 14 14 15 9 10 12 13 19 26 22 31 40 39 38 46 42 37 39 42 40 36 32 29 27 24 31 26 25 23 21 19 18 16 15 12 10 10 9 9 9 8 8 6 5 5 5 5 4
11 11 12 12 12 12 10 7 7 6 6 6 5 5 5 5 5 6 7 8 9 10 11 12 12 13 13 13 13 13 14 14 14 16 18 16 13 11 11 11 12 13 13 12 13 19 23 18 14 19 14 8 9 12 17 20 29 24 34 44 43 46 42 39 42 39 44 37 36 33 27 27 29 32 29 29 26 24 23 20 17 16 15 14 12 11 10 10 9 9 7 6 5 5 4 4
11 11 11 12 11 11 9 8 8 7 6 5 5 5 5 4 6 6 6 7 9 9 10 12 13 13 14 13 14 14 14 13 14 17 18 17 16 18 20 19 19 14 17 17 17 20 17 15 22 27 15 10 10 14 18 20 25 36 42 43 41 43 45 45 41 44 41 36 35 34 28 31 30 32 29 27 26 24 22 20 17 17 16 15 14 13 12 13 12 10 8 7 6 5 4 4
9 10 11 11 11 10 9 7 7 6 5 5 5 5 4 4 5 6 7 8 9 11 13 14 15 15 15 15 16 16 14 14 18 16 17 19 20 22 25 23 16 19 25 21 25 22 19 19 27 22 12 10 10 13 17 19 25 33 38 33 40 42 40 43 44 42 40 35 35 33 31 31 31 30 28 27 26 24 23 22 20 19 18 18 18 16 14 16 13 11 10 9 7 6 5 5
10 9 9 9 10 10 9 7 6 6 5 4 4 4 4 4 6 6 8 11 10 15 17 17 16 17 17 16 16 15 16 17 18 18 20 22 25 24 19 20 23 27 24 26 24 23 17 19 17 10 14 21 28 28 30 36 39 34 30 40 38 36 39 41 39 37 39 35 33 33 33 33 32 31 30 29 29 26 25 24 23 22 22 22 21 21 20 17 15 13 10 9 9 7 6 5
9 10 8 8 7 7 7 6 6 5 5 4 4 4 4 5 6 6 8 10 10 12 14 14 15 15 14 13 12 14 16 17 19 20 18 21 21 19 21 26 28 25 24 25 25 15 15 11 13 17 29 33 38 34 28 21 21 28 34 40 34 28 33 39 35 34 35 34 33 34 34 36 35 33 32 32 30 29 29 28 26 25 24 23 24 23 18 17 18 16 12 10 9 8 7 5
7 8 8 7 6 6 5 6 6 5 5 4 4 4 4 5 6 7 8 10 12 16 15 14 13 13 13 13 13 13 12 13 16 15 20 21 24 19 20 25 26 27 25 28 24 19 19 20 21 30 31 30 22 18 15 10 14 23 32 32 33 26 26 31 30 30 35 32 31 35 37 38 37 36 35 35 33 33 33 31 29 27 26 24 23 21 19 18 20 16 14 11 10 9 7 7
8 7 6 6 6 5 5 5 5 6 5 5 5 5 5 7 9 9 10 13 15 16 15 14 13 13 13 13 14 14 15 13 13 14 17 21 22 23 24 20 25 27 26 25 25 22 23 21 19 21 20 16 16 20 13 8 10 12 19 28 20 24 19 31 28 26 26 27 32 30 31 33 37 36 34 38 37 34 36 34 31 31 30 28 27 28 27 22 19 20 16 14 12 10 8 7
5 7 6 5 5 4 4 4 4 5 6 6 7 7 8 9 11 12 13 14 15 15 14 13 13 13 13 13 14 14 15 14 15 17 18 19 21 20 22 25 21 22 22 23 25 23 20 18 23 25 21 20 23 26 9 8 15 10 13 19 14 13 20 28 28 22 21 27 22 24 25 31 29 30 34 39 36 36 40 39 37 38 32 34 37 38 37 33 31 25 21 17 14 11 10 8
5 5 6 5 4 4 4 4 4 4 4 5 5 7 8 10 11 13 14 14 14 14 14 13 14 13 14 13 12 12 12 12 13 14 14 15 17 19 20 23 24 23 25 25 24 25 25 27 24 22 25 25 23 18 9 7 11 11 10 11 9 9 13 13 16 18 23 17 18 23 22 21 22 30 30 34 34 42 41 42 42 40 40 42 42 46 44 37 34 32 28 21 14 13 12 10
4 4 5 5 4 4 4 4 3 3 3 3 4 4 5 7 10 12 12 11 12 12 13 12 11 12 11 11 12 11 12 14 14 15 16 17 18 19 21 21 22 23 22 23 21 19 16 16 19 19 20 17 13 13 9 10 14 16 15 16 13 10 8 9 11 13 15 14 15 17 15 15 16 21 24 27 31 37 39 40 41 42 41 43 45 49 50 47 42 30 25 22 17 16 14 12
3 3 3 3 4 4 3 3 3 3 4 3 3 3 4 5 6 7 9 11 12 11 11 10 10 11 12 12 12 13 13 14 13 15 15 16 16 16 18 19 21 20 22 19 18 20 20 16 15 13 15 15 14 12 9 12 19 21 18 18 17 14 11 10 9 10 12 13 13 12 12 13 13 14 17 22 30 30 37 43 43 38 41 45 44 46 47 45 43 45 35 29 22 17 13 13
3 3 3 3 3 2 3 3 3 4 3 3 3 4 5 7 9 10 10 10 11 10 10 10 10 10 10 11 11 12 12 12 13 13 13 15 15 14 15 17 20 21 18 17 19 19 19 16 14 15 12 10 9 8 8 12 22 21 23 28 26 24 23 19 16 17 16 15 11 11 12 13 12 13 13 16 21 23 34 40 44 33 35 41 42 45 46 42 39 40 40 34 25 20 15 15
3 3 3 2 3 2 2 3 3 3 3 3 4 5 6 8 10 10 10 10 9 9 10 10 10 10 10 10 10 10 12 12 13 13 12 13 14 13 17 17 18 17 15 16 19 19 20 16 16 15 12 11 9 7 8 14 20 18 18 21 24 26 28 28 26 22 17 15 13 12 13 14 13 12 12 14 19 23 32 35 37 32 28 37 40 46 41 47 41 36 38 42 28 26 18 15
3 3 2 2 2 2 2 3 2 2 3 3 4 4 5 7 7 9 9 10 10 10 9 10 9 8 9 10 10 10 11 10 11 10 11 14 12 11 14 12 11 12 17 19 17 20 17 16 16 10 8 9 11 9 12 14 14 16 17 19 21 19 22 25 25 24 20 17 17 16 16 15 12 11 12 14 17 23 27 28 30 30 28 29 31 37 44 43 47 39 34 36 37 30 25 20
3 3 2 2 2 2 2 2 2 2 2 3 3 3 4 6 6 7 9 9 8 7 7 7 8 8 8 9 9 11 10 10 8 8 9 13 9 8 9 10 14 17 17 14 16 19 15 14 12 9 6 7 9 9 9 9 14 17 15 14 15 13 17 20 19 18 16 17 18 17 15 13 12 12 12 13 16 20 23 24 27 29 30 31 31 34 44 41 44 44 42 41 40 32 32 24
5 3 2 2 2 2 2 2 2 2 2 2 2 2 2 3 4 5 6 5 5 6 7 7 7 8 9 9 8 9 8 9 8 8 7 11 8 7 9 10 12 14 13 15 14 16 15 15 10 6 5 5 6 6 7 12 11 13 12 10 10 12 11 11 13 15 15 16 17 16 14 12 12 12 12 13 14 16 18 20 22 25 29 31 31 32 36 42 42 43 44 43 39 40 37 32
5 4 2 2 2 2 2 2 2 2 2 2 2 2 2 3 3 3 4 4 4 5 4 5 6 6 8 8 8 8 7 8 7 6 7 8 7 8 10 13 13 12 14 14 12 12 11 8 5 4 5 5 5 6 9 13 10 10 9 10 11 10 9 9 11 12 13 14 15 14 13 12 12 11 11 12 12 14 15 16 18 22 25 30 30 31 32 35 37 42 42 42 44 42 41 35
5 5 3 2 2 2 1 2 1 2 2 2 1 2 2 2 2 3 4 4 3 4 5 5 7 8 8 7 6 5 5 8 6 5 6 6 7 9 10 11 10 12 12 11 9 9 7 5 4 4 6 6 5 7 10 10 10 11 11 10 9 8 6 6 7 8 11 14 14 13 11 11 11 11 10 11 11 12 13 14 16 18 21 23 27 28 29 31 34 38 41 44 45 44 45 45
4 4 3 2 2 1 1 1 1 1 1 1 1 1 1 1 1 1 2 2 3 4 5 7 7 6 6 6 4 4 6 7 4 4 6 7 6 7 8 7 9 13 10 7 8 7 6 5 4 5 5 5 6 8 8 8 8 8 8 9 8 7 5 4 5 7 10 9 9 10 10 10 10 10 10 10 10 10 11 12 13 15 17 19 20 23 25 29 32 36 41 45 47 44 45 44
4 3 3 2 1 1 1 1 1 1 1 1 1 0 1 1 1 1 1 2 2 3 3 5 5 5 5 3 3 4 5 5 4 5 6 5 5 6 7 9 10 11 7 5 6 5 4 4 4 4 4 5 7 7 7 7 9 10 12 10 9 8 5 4 5 6 8 7 8 9 10 10 10 11 10 11 11 10 11 10 11 12 14 15 16 18 21 26 30 33 38 46 48 51 52 56
4 4 3 2 1 1 1 1 1 1 1 0 0 0 0 1 1 1 1 2 2 2 3 3 3 4 3 3 2 3 4 4 3 4 4 4 5 7 9 7 6 5 4 5 4 4 4 4 4 4 4 5 5 5 7 7 10 11 10 9 8 8 6 5 5 6 6 7 7 7 8 10 11 11 10 9 8 7 7 8 9 10 11 11 12 14 18 21 24 26 29 36 44 49 54 60
4 3 4 3 2 1 1 1 1 1 0 0 0 0 0 2 1 1 1 1 1 1 2 2 3 3 2 2 2 2 2 2 4 4 4 5 5 6 6 4 4 4 5 4 4 5 4 4 4 4 4 5 5 4 5 7 8 7 7 6 6 5 4 5 5 6 7 7 6 6 7 8 9 9 9 8 7 6 6 7 7 8 8 9 9 11 14 16 17 18 21 25 32 41 47 58
4 4 3 3 2 1 1 1 1 1 0 0 0 0 0 0 0 0 1 1 1 1 1 1 2 1 1 1 1 2 2 3 4 4 4 4 4 4 4 3 3 3 3 3 4 3 3 4 4 4 5 6 5 5 4 5 4 4 5 5 5 4 4 4 5 6 6 5 5 5 6 6 7 7 8 8 8 7 6 6 7 7 7 8 8 9 11 12 12 13 15 20 26 33 41 49
4 4 3 2 2 1 1 1 1 1 0 0 0 0 0 0 0 0 0 1 1 1 1 1 1 1 1 1 1 1 2 2 3 3 3 3 3 3 3 3 3 2 3 4 3 3 4 4 4 4 5 4 4 5 3 3 3 3 4 4 4 4 4 4 4 4 4 4 4 4 4 5 5 6 7 8 8 7 6 6 6 6 7 7 8 9 10 10 10 11 14 18 24 31 37 43
3 4 3 3 2 2 1 1 1 1 0 0 0 0 0 0 0 0 0 0 0 1 1 1 1 1 1 1 1 1 2 3 3 2 2 2 2 2 2 2 2 2 3 3 3 3 3 4 4 4 4 4 4 4 4 3 3 3 4 5 4 3 4 4 4 4 4 4 4 4 4 4 4 5 6 7 7 6 6 6 6 6 7 7 8 9 10 10 11 12 15 19 24 29 33 38
3 3 3 3 2 2 1 1 1 1 1 1 0 0 0 0 0 0 0 0 0 0 0 0 0 0 0 1 1 1 1 2 2 1 1 1 1 2 2 2 2 2 3 3 2 3 3 3 3 3 3 3 3 4 4 4 3 3 5 6 4 3 3 4 4 4 3 3 3 3 3 3 4 4 5 6 6 5 5 6 6 6 7 7 9 10 11 11 12 14 17 22 27 28 30 34
3 3 3 2 2 2 2 1 1 1 1 1 1 1 0 0 0 0 0 0 0 0 0 0 0 0 0 1 1 1 1 1 1 1 1 1 1 1 1 1 1 2 2 2 2 3 3 3 3 3 3 3 3 4 4 4 4 4 6 8 4 3 3 3 3 3 3 2 3 3 3 3 3 4 4 5 5 5 5 5 6 6 7 7 9 11 12 12 13 15 21 30 32 27 27 30
3 3 3 3 2 2 2 1 1 1 1 1 1 1 1 1 1 1 1 1 0 0 0 0 0 0 0 1 1 1 1 1 1 1 1 1 1 1 1 1 2 2 2 2 2 3 3 3 3 3 3 3 3 4 4 4 3 5 6 7 5 3 3 3 3 3 2 2 2 3 3 3 3 3 4 4 5 5 5 5 5 6 6 7 8 10 11 11 12 14 22 38 43 26 25 29
3 3 3 3 3 3 3 2 2 2 1 1 1 1 1 1 1 1 1 1 0 0 0 0 0 0 0 1 1 1 1 1 1 1 1 1 1 1 1 1 2 2 2 2 2 3 3 3 3 3 4 4 4 4 4 3 4 5 6 6 6 3 3 3 3 3 2 2 2 2 3 3 3 3 3 4 5 5 5 5 5 5 6 6 8 9 9 10 11 13 19 33 35 24 26 28
3 3 3 3 3 3 3 3 4 3 2 2 1 1 1 1 1 1 1 1 1 0 0 0 0 0 1 1 1 1 1 1 1 1 1 1 1 1 1 1 2 2 3 3 3 3 3 3 3 3 3 3 4 4 4 4 5 5 6 5 5 4 3 3 3 2 2 2 2 2 2 3 3 3 4 4 4 4 4 4 4 4 5 6 7 8 9 10 11 13 16 22 22 21 24 27
3 3 3 3 3 3 3 4 5 4 3 2 1 1 1 1 1 1 1 1 1 1 0 0 0 0 1 1 1 1 1 1 1 1 1 1 1 1 0 2 2 3 3 3 3 4 3 3 2 2 3 3 3 3 3 4 5 6 6 5 6 4 3 3 2 2 2 2 2 2 2 2 3 3 4 4 4 3 3 3 3 3 4 5 6 8 10 11 12 13 15 17 17 19 23 28
3 3 3 3 3 3 4 4 4 4 3 2 2 1 1 1 1 1 1 1 1 1 1 1 0 1 1 1 1 1 1 1 1 1 1 1 1 1 1 1 1 1 2 2 3 3 3 3 3 2 3 3 3 4 4 5 5 6 5 5 7 4 3 3 2 2 2 2 2 2 2 2 3 3 3 3 3 2 1 2 2 3 3 5 7 9 11 13 14 14 14 14 16 18 23 30
3 3 3 3 3 3 3 4 4 3 3 2 2 1 1 1 1 1 1 1 1 1 1 1 1 1 1 1 1 1 1 1 1 1 1 1 1 1 2 1 1 2 2 2 3 4 4 4 3 3 3 4 4 4 4 4 5 5 5 5 6 4 3 3 2 2 2 2 2 2 2 2 2 3 3 3 2 2 1 1 2 2 3 4 6 9 11 13 15 15 14 13 14 18 22 28
3 3 3 3 3 3 3 3 3 3 3 2 2 1 1 1 1 1 1 1 1 1 1 1 1 1 1 1 1 1 1 1 1 1 1 1 1 1 1 1 2 2 3 3 3 4 5 5 4 4 3 3 3 3 4 5 5 6 6 6 6 4 4 3 2 2 2 2 2 2 2 2 2 2 2 2 2 1 1 1 1 2 2 3 5 7 10 12 15 16 13 11 12 15 18 23
2 2 3 3 3 3 3 3 3 3 2 2 2 1 1 1 1 1 1 1 1 1 1 1 1 1 1 1 1 1 1 1 1 1 1 1 1 1 1 2 2 3 3 4 3 3 4 4 4 4 4 3 4 4 4 5 5 6 7 6 7 4 3 3 2 2 2 2 2 2 2 2 2 2 2 2 2 1 1 1 1 2 2 3 4 6 7 9 14 18 14 10 12 14 16 19
2 2 2 3 2 2 2 2 2 2 2 2 2 1 1 1 1 1 1 1 1 1 1 1 1 1 1 1 1 1 1 1 1 1 1 1 1 1 1 2 3 3 3 4 3 4 4 5 4 4 4 4 4 4 4 5 6 7 7 6 7 4 3 3 2 2 2 2 2 2 2 2 2 2 2 2 2 1 1 1 2 2 2 3 3 5 6 8 13 17 15 12 11 14 18 19
2 2 2 2 2 2 2 2 2 2 2 1 1 1 1 1 1 1 1 1 1 1 1 1 1 1 1 1 1 1 1 1 1 1 1 1 1 1 1 2 2 3 3 3 4 3 3 3 4 5 5 4 4 5 5 6 7 6 7 7 6 3 3 3 3 2 2 2 2 2 2 2 2 2 2 2 2 1 1 1 2 2 2 2 3 4 5 7 11 14 15 14 12 13 17 18
2 2 2 2 2 2 2 2 2 2 1 1 1 1 1 1 1 1 1 1 1 1 1 1 1 2 2 2 2 1 1 1 1 1 1 0 1 1 1 2 3 3 3 3 2 3 2 2 3 3 4 5 5 5 5 6 6 6 6 7 4 3 3 3 3 2 2 2 2 2 2 2 2 2 2 2 2 2 2 2 2 2 2 2 2 3 4 6 9 12 16 20 18 15 15 15
2 2 2 2 2 2 2 2 2 1 1 1 1 1 1 1 1 1 1 1 1 1 1 2 2 2 2 2 2 2 1 1 1 1 1 0 1 1 1 2 3 3 3 3 2 2 2 2 2 3 4 5 5 5 5 6 6 5 6 5 4 3 3 3 3 2 2 2 2 2 2 2 2 2 2 2 2 2 2 2 2 2 2 2 2 2 3 5 7 10 15 20 20 16 15 16
2 2 2 2 2 2 2 2 2 1 1 1 1 1 1 1 1 1 1 1 1 1 2 2 2 2 2 2 2 2 1 1 1 1 1 1 1 1 2 2 2 3 3 3 3 1 1 2 2 3 4 5 5 5 5 6 5 5 5 5 4 3 3 3 3 2 2 2 2 2 2 2 2 2 2 2 2 2 2 2 2 2 2 2 2 2 3 4 6 8 12 16 17 15 15 16
1 2 2 2 2 2 2 2 2 1 1 1 1 1 1 1 1 1 1 1 1 1 1 2 2 2 2 2 2 2 2 1 1 1 1 1 1 1 1 2 2 3 3 3 2 1 1 2 2 3 4 5 6 5 6 6 5 5 5 4 3 3 3 3 2 2 2 2 2 2 2 2 2 2 2 2 2 2 2 2 2 2 2 2 2 3 3 4 5 7 11 14 14 13 13 15
2 2 2 2 2 2 2 1 1 1 1 1 1 1 1 1 1 1 1 1 1 1 1 1 2 2 2 2 2 2 2 1 1 1 1 1 1 1 1 2 2 2 3 3 2 1 2 2 2 3 4 5 5 5 5 5 5 5 5 3 3 3 3 3 2 2 2 2 2 2 2 2 2 2 2 2 2 2 2 2 2 2 2 2 3 3 4 4 5 8 11 13 13 12 12 15
1 2 2 2 2 2 2 1 1 1 1 1 1 1 1 0 0 0 0 1 1 1 1 1 2 2 2 2 2 2 1 1 1 1 1 1 1 1 1 1 2 2 2 2 2 1 2 2 2 3 4 6 6 6 5 5 4 4 3 3 3 3 2 2 2 2 2 1 1 1 2 2 2 2 2 2 2 2 2 2 3 3 3 3 3 4 4 5 6 9 11 13 13 12 13 16
1 2 2 2 2 2 2 2 1 1 1 1 1 1 1 0 0 0 0 1 1 1 1 1 2 2 2 2 2 2 1 1 1 1 1 1 1 1 1 1 2 2 2 2 1 2 2 2 3 4 6 7 7 6 5 4 4 3 3 2 2 2 2 2 2 1 1 1 1 1 1 1 2 2 2 2 2 3 3 3 3 3 3 3 4 4 5 6 7 10 12 13 14 13 14 16
1 2 2 2 2 2 3 2 2 1 1 1 1 1 1 0 0 0 1 1 1 1 1 1 2 2 2 2 2 2 1 1 1 1 1 1 1 1 1 1 2 2 2 2 2 2 2 3 4 6 8 9 8 6 5 4 3 3 2 2 2 2 1 1 1 1 1 1 1 1 1 1 1 2 2 2 2 3 3 3 3 4 4 4 4 5 5 6 8 10 12 13 14 14 14 17
1 2 2 2 2 2 2 2 2 2 1 1 1 1 1 1 1 1 1 1 1 1 1 1 2 2 2 2 2 2 1 1 1 1 1 1 1 1 1 2 2 2 3 2 2 2 3 4 5 8 12 12 9 6 4 3 2 2 2 1 1 1 1 1 1 1 1 1 1 1 1 1 1 2 2 2 3 3 3 4 4 4 4 5 5 5 6 7 8 9 11 12 13 12 13 16
1 1 2 2 2 2 2 2 2 2 2 1 1 1 1 1 1 1 1 1 1 1 1 1 1 2 2 2 2 2 1 1 1 1 1 1 1 1 1 2 2 2 3 3 2 2 3 4 6 8 12 12 8 5 3 2 2 1 1 1 1 1 1 1 1 1 1 1 1 1 1 1 1 2 2 2 3 3 4 4 4 5 5 5 5 6 6 7 8 8 10 12 12 11 13 17
2 2 2 2 2 2 2 2 2 2 2 2 1 1 1 1 1 1 1 1 1 1 1 1 1 2 2 2 2 2 2 1 1 1 1 1 1 1 1 2 2 3 3 3 2 2 3 4 5 7 8 7 5 3 2 2 1 1 1 1 1 1 1 1 1 1 1 1 1 1 1 1 1 1 2 2 3 4 4 5 5 5 5 5 6 6 6 7 8 8 10 12 13 13 15 18
2 2 2 2 2 2 2 2 2 2 2 2 2 2 1 1 1 1 1 1 1 1 1 1 2 2 2 2 2 2 2 2 1 1 1 1 1 1 2 2 2 3 3 3 3 2 3 3 4 4 4 3 2 1 1 1 1 1 0 0 0 0 0 0 0 1 1 1 1 1 1 1 1 1 2 2 3 4 5 5 5 5 5 5 5 6 6 7 8 8 9 11 12 13 16 18
