markdown_presentation/Maxent_Alex/sdm_pakistan_maxent/Env_layers/prec_worldclim_04.asc
NCOLS 120 
NROWS 120 
XLLCORNER 60 
YLLCORNER 20 
CELLSIZE 0.166666666666667 
NODATA_value -32768 
[rows 0 to 74 of 120, columns 0 to 95 of 120]
22.000000000000000 22 22 22 22 22 22 22 22 21 21 21 21 21 21 21 21 21 21 21 22 22 23 23 24 24 25 26 27 28 30 33 36 39 39 41 43 45 48 51 55 58 65 75 71 69 79 80 73 70 74 76 79 79 80 81 81 90 93 85 101 99 86 76 82 74 60 68 73 73 73 71 55 66 82 77 62 54 50 49 41 43 40 36 31 29 27 25 25 22 19 18 16 14 12 11
23 23 22 22 22 22 22 22 22 22 21 21 21 21 21 21 21 21 21 21 22 22 23 23 24 24 25 26 27 28 30 31 33 37 44 49 45 46 50 53 56 59 63 66 69 76 91 96 106 103 101 118 111 106 106 108 115 123 126 120 120 129 119 118 110 95 95 111 111 106 111 96 75 79 77 77 61 51 48 39 38 39 34 30 28 26 23 21 20 18 16 14 13 12 10 9
23 22 23 23 22 22 22 22 22 22 22 21 21 21 21 21 21 21 21 21 22 22 23 23 24 25 25 26 27 28 30 30 32 34 37 39 43 45 50 56 60 64 64 67 72 92 108 118 127 140 141 153 152 152 149 153 157 162 165 161 160 154 155 152 134 111 107 114 119 110 84 61 60 48 36 36 36 38 37 36 38 38 34 33 29 25 21 19 17 15 14 12 11 10 9 7
23 23 23 22 23 22 22 22 22 21 22 21 21 21 21 21 21 21 21 21 22 22 23 23 24 25 25 26 27 28 29 30 32 33 35 38 40 44 52 67 75 79 74 75 81 93 93 102 111 127 134 136 148 152 153 152 156 154 154 153 152 148 141 137 126 128 122 91 100 82 57 66 78 58 68 69 72 76 72 53 55 53 40 34 26 22 21 19 15 13 12 11 9 8 7 6
23 23 23 23 22 22 22 22 22 21 21 21 21 21 21 21 21 21 21 21 22 23 23 24 24 25 26 27 27 28 29 30 32 33 35 37 40 43 48 53 60 74 78 95 108 119 119 146 141 167 159 145 164 164 167 167 169 170 166 156 146 133 134 126 106 99 97 71 64 61 102 112 94 79 82 83 87 85 75 54 46 49 41 28 25 29 26 23 17 14 10 9 8 7 6 6
24 24 23 23 23 23 22 22 22 22 21 21 21 21 21 21 21 21 21 21 22 23 23 24 24 25 27 27 28 28 29 30 32 33 35 37 39 42 45 48 51 56 71 95 116 148 159 160 164 166 157 167 162 165 176 166 159 171 162 159 133 119 117 107 97 94 92 91 109 96 89 103 114 84 87 85 89 81 66 54 34 34 46 34 31 21 14 17 24 15 10 8 7 6 6 5
24 24 24 23 23 23 22 22 22 22 21 21 21 21 21 21 21 21 21 21 22 23 23 24 25 25 27 27 28 28 29 30 31 33 34 36 38 40 43 46 52 62 73 98 139 149 134 147 157 171 167 172 151 154 169 151 159 152 151 133 117 128 126 132 120 104 101 119 106 95 124 126 126 100 106 97 79 78 65 45 35 38 41 35 24 19 17 13 15 16 17 8 6 6 5 5
25 25 24 24 23 23 23 22 22 22 22 22 21 21 21 21 21 21 21 21 22 23 24 24 25 26 26 27 28 28 29 29 30 32 33 35 37 39 42 50 69 101 109 120 146 138 107 128 147 138 133 135 125 142 149 137 142 146 129 133 140 130 128 119 108 113 119 93 117 108 109 109 95 114 106 86 77 70 56 43 40 38 37 29 26 21 21 18 14 9 14 8 7 6 5 4
26 25 25 24 24 23 23 23 22 22 22 22 22 22 21 21 21 21 21 21 22 23 24 25 26 26 27 27 28 28 28 29 30 31 33 35 38 40 46 54 68 87 105 124 124 119 98 99 91 87 99 99 101 107 107 122 136 141 135 132 137 134 131 129 119 112 114 123 127 118 77 78 97 110 110 89 59 58 39 51 51 39 31 26 20 17 15 16 15 10 14 20 11 7 7 5
26 26 25 25 24 24 23 23 23 23 22 22 22 22 22 22 22 22 22 22 23 24 25 26 27 27 27 28 28 28 28 29 30 31 33 35 39 44 49 56 70 84 94 118 116 124 74 61 64 78 93 94 99 108 109 107 118 123 119 127 130 134 135 129 106 95 88 104 98 80 91 87 88 102 79 62 58 58 48 54 52 42 35 22 14 13 11 12 14 12 8 12 11 7 5 5
27 26 26 25 25 24 24 23 23 23 23 23 23 23 23 23 23 23 23 24 25 26 26 27 28 28 28 28 28 28 28 28 29 30 32 36 40 45 51 61 75 74 86 86 80 71 58 54 64 84 88 103 98 81 94 112 110 102 109 115 125 135 138 114 131 111 127 91 71 89 98 95 94 58 59 55 58 51 48 42 32 32 29 20 11 12 14 14 11 8 19 13 12 8 6 5
28 27 26 26 25 25 24 24 24 23 23 23 23 24 24 24 24 24 25 25 26 27 28 29 29 30 30 29 29 28 27 27 28 29 31 34 40 45 52 66 79 72 55 54 55 50 48 51 73 82 80 89 65 73 93 84 88 92 98 102 127 127 122 131 145 135 135 93 98 98 92 68 65 70 82 76 71 59 59 48 41 27 19 12 13 9 8 8 12 10 7 9 9 7 5 4
28 28 27 26 26 25 25 24 24 24 24 24 24 24 25 25 26 26 27 27 28 29 30 31 31 32 31 31 30 29 28 27 28 29 31 32 38 42 46 72 70 49 45 46 43 42 44 53 83 63 95 70 50 67 80 77 91 78 78 109 129 110 142 130 130 139 111 81 85 70 82 80 95 94 91 78 66 54 57 48 38 29 25 19 15 13 12 9 9 12 7 6 7 7 4 4
29 28 28 27 26 25 25 24 24 24 24 25 25 25 26 27 28 28 29 30 30 31 32 33 34 34 34 33 32 31 29 28 28 29 31 30 32 34 50 76 48 40 36 35 37 39 44 57 67 62 72 58 46 55 70 70 75 72 90 119 137 110 133 139 138 122 102 122 117 75 105 85 79 70 63 59 58 40 36 29 30 26 20 20 18 15 12 10 9 12 10 6 5 5 5 4
30 29 28 27 27 26 25 25 24 24 25 25 26 27 27 28 30 31 32 32 33 34 35 36 37 37 37 36 35 34 32 31 30 29 29 29 29 29 35 43 35 31 31 32 34 38 41 50 48 56 51 48 49 54 79 80 66 69 82 93 111 110 121 124 134 114 113 125 102 85 76 96 100 93 77 63 68 49 41 41 42 35 27 25 19 15 13 13 10 11 11 8 6 6 6 6
30 30 29 28 27 27 26 25 25 25 25 26 27 28 29 30 32 33 34 35 36 37 38 39 40 40 41 40 39 37 35 34 32 31 30 29 28 28 29 28 28 27 28 29 31 35 37 49 44 51 49 46 52 58 74 87 65 71 94 127 128 135 139 130 127 116 116 121 95 79 95 105 93 74 60 65 65 57 46 35 32 29 25 23 21 20 15 13 10 10 11 10 7 8 6 5
32 30 30 29 28 27 27 26 26 26 27 27 28 29 30 32 34 35 37 39 40 41 42 43 44 45 45 45 44 42 39 37 35 33 31 29 28 28 27 27 26 26 26 27 28 31 34 43 40 48 44 48 50 53 58 75 70 83 106 137 131 122 114 117 125 117 118 129 104 101 92 87 75 72 74 73 61 48 46 48 48 38 33 30 23 18 18 19 16 14 12 9 7 8 7 5
34 31 31 30 29 28 27 27 27 27 28 29 30 31 32 33 35 38 40 42 43 45 47 48 49 50 50 50 49 47 44 41 37 34 32 30 29 28 27 26 26 25 25 26 27 30 33 40 39 43 46 49 54 65 63 67 74 88 118 135 117 120 124 113 112 114 117 111 106 115 116 98 99 94 80 66 52 62 61 55 42 34 31 25 23 24 23 19 15 12 12 12 8 8 8 6
41 35 32 31 30 29 28 28 28 29 30 31 32 33 34 35 37 40 42 45 47 49 51 53 55 57 57 57 56 53 50 45 41 36 33 31 29 28 27 26 26 25 25 25 27 29 32 36 39 43 48 51 56 66 70 81 89 104 104 119 110 128 135 148 129 111 116 137 123 111 125 112 87 68 72 74 64 56 49 48 31 36 34 29 30 26 22 19 16 15 13 12 12 9 9 6
44 41 35 33 31 30 29 29 29 30 31 32 33 35 35 37 40 42 44 47 50 53 56 59 61 64 66 67 65 61 57 51 46 39 34 33 31 29 28 27 26 26 25 26 30 32 34 36 41 44 53 60 57 63 75 91 90 102 127 146 135 151 157 168 152 124 127 146 131 98 113 90 95 102 94 70 67 55 55 51 43 41 39 33 27 25 22 19 15 14 14 13 12 11 9 8
47 41 42 39 36 33 30 30 30 31 33 34 35 37 38 39 43 45 48 50 53 56 59 62 65 69 71 74 74 70 64 57 50 43 37 35 35 32 34 40 36 31 35 50 62 56 49 54 52 53 55 64 71 67 82 110 109 130 143 150 189 159 177 186 155 136 146 139 120 128 117 119 116 97 69 68 65 56 55 46 37 40 30 29 25 29 28 22 18 16 15 14 13 12 11 8
53 49 46 44 40 36 32 32 32 33 34 36 37 38 39 39 43 48 50 53 55 58 61 64 68 71 75 79 82 78 71 62 54 47 42 40 38 38 37 39 33 31 48 81 79 60 52 52 67 72 64 65 71 79 103 115 132 165 207 181 209 199 201 195 161 167 163 148 139 137 134 124 101 85 65 66 67 70 59 44 35 42 34 28 33 26 25 25 21 18 18 15 12 12 11 9
48 50 50 48 45 40 37 35 36 36 36 37 38 40 41 40 44 47 50 54 56 59 62 65 68 71 75 80 85 80 72 65 58 51 47 42 42 49 46 41 38 35 43 54 63 64 57 58 69 77 77 69 64 86 110 131 211 192 236 202 204 215 207 196 177 180 169 158 150 134 126 120 92 76 76 75 74 66 61 50 40 36 29 36 34 28 26 24 23 21 20 20 16 13 11 10
46 47 48 50 51 48 42 40 41 39 38 39 40 41 41 42 42 46 50 52 55 58 61 64 67 70 73 77 77 75 69 65 61 59 55 51 45 43 43 42 40 42 43 49 60 66 74 87 79 88 98 64 75 96 106 157 202 172 217 235 220 215 210 199 182 178 172 162 148 131 116 108 92 105 90 85 77 70 62 58 53 50 42 35 33 30 32 29 26 23 20 17 15 14 13 11
49 50 51 52 53 53 49 43 42 43 42 42 42 42 42 42 43 45 47 51 54 57 60 62 65 68 70 71 70 68 65 64 63 67 70 63 53 48 46 46 48 51 53 50 55 78 102 85 80 112 97 63 80 109 145 177 227 199 235 239 231 220 213 201 193 181 175 161 150 137 115 109 109 110 100 95 86 79 73 65 58 53 49 46 42 36 34 33 32 26 22 20 17 14 12 10
54 54 53 54 53 51 48 45 48 45 43 41 43 42 43 42 45 45 47 50 52 55 58 61 63 64 64 65 64 64 63 62 63 68 69 68 63 68 73 69 68 53 61 62 65 77 72 72 113 152 102 86 89 127 163 187 214 251 249 241 233 224 212 203 194 185 175 163 151 141 120 121 114 112 103 93 87 79 74 67 58 55 53 50 47 43 42 39 41 32 27 22 21 17 14 12
50 51 54 53 54 53 49 44 46 44 42 41 42 43 43 42 45 46 48 49 52 55 57 59 59 59 59 60 61 62 61 62 68 65 68 71 73 79 90 82 60 70 90 74 93 82 77 84 137 127 88 87 96 123 164 189 223 250 252 240 233 224 216 204 195 186 177 163 155 144 130 124 119 110 102 94 89 80 77 71 62 57 55 55 57 52 45 50 44 36 36 32 24 22 15 12
54 49 49 50 51 53 50 44 45 45 43 42 42 42 42 43 45 46 49 53 52 55 54 54 54 55 57 57 58 59 61 64 66 67 72 78 87 85 70 72 80 95 82 95 85 87 65 83 83 65 97 157 198 220 259 264 258 242 239 239 232 222 215 205 196 187 178 165 153 146 139 130 122 112 107 99 96 85 79 73 72 69 67 63 62 63 62 53 49 44 30 26 31 26 22 13
52 53 49 46 46 46 45 45 46 44 42 42 43 43 43 45 46 46 48 50 50 52 52 52 50 50 51 52 53 54 58 62 67 71 68 75 75 70 76 93 99 89 80 87 88 44 47 44 57 86 175 205 226 239 244 204 205 234 241 234 224 201 206 205 193 182 176 166 155 150 142 141 129 119 112 104 100 94 88 83 81 76 73 71 73 71 55 46 56 53 35 27 25 29 21 20
49 48 47 45 43 42 41 43 45 43 42 43 43 43 43 44 45 46 47 49 50 49 48 48 47 47 46 47 48 51 52 55 61 60 72 76 85 70 72 87 92 97 86 103 83 55 65 77 91 157 175 186 169 160 154 126 152 199 225 224 215 190 179 191 179 168 174 159 149 153 152 144 134 124 116 111 105 98 95 92 86 81 78 74 69 64 56 50 62 49 43 31 29 23 18 21
48 47 44 42 41 40 39 40 42 44 43 43 44 44 44 45 46 46 46 47 48 46 45 44 42 40 40 42 45 47 51 51 52 55 64 75 78 84 84 72 90 98 92 85 87 73 87 80 76 108 113 105 121 161 136 106 122 129 167 210 160 176 144 184 168 154 145 140 150 135 129 126 130 122 109 114 108 101 103 99 92 91 89 82 79 83 82 64 56 60 45 38 35 24 17 15
41 44 42 40 38 37 37 38 40 42 44 44 44 44 44 44 44 44 43 42 43 40 38 36 35 35 35 38 42 43 48 48 52 59 63 68 74 74 80 90 74 75 72 75 88 80 65 60 103 123 117 127 156 177 101 100 136 112 127 154 126 122 144 167 162 134 123 140 116 110 105 115 102 99 107 114 104 103 107 107 103 103 91 96 106 110 112 100 94 76 62 47 36 28 26 17
36 38 41 38 36 36 36 37 37 39 40 41 42 43 42 42 41 40 39 37 35 35 33 32 33 32 37 34 35 36 39 40 45 50 52 58 65 70 75 81 85 80 89 90 84 97 97 114 107 106 137 148 150 129 88 79 106 104 103 106 98 91 99 89 105 113 132 102 94 106 92 80 77 96 91 99 96 111 109 109 110 107 108 114 119 130 129 109 101 98 84 59 34 32 28 27
32 33 35 36 35 34 35 35 34 35 36 37 38 39 39 39 38 38 37 36 33 31 31 28 26 27 27 28 31 33 36 43 45 52 56 61 67 71 76 78 80 81 77 80 69 63 48 52 79 91 109 97 80 89 78 86 107 118 112 114 103 85 58 56 70 84 100 87 84 81 64 58 58 69 76 79 88 99 106 113 111 108 108 116 124 141 143 135 126 86 71 58 39 40 37 30
28 28 29 30 31 32 32 32 33 35 36 36 36 36 36 36 35 35 34 31 29 27 25 23 21 24 26 27 31 34 38 41 43 48 53 58 59 62 68 72 76 74 77 65 59 73 78 61 61 58 75 84 83 77 66 87 133 140 117 116 106 96 76 64 55 62 70 74 67 55 52 49 46 48 55 66 81 82 97 103 103 96 105 117 118 131 140 129 122 136 104 85 58 38 25 33
26 26 26 26 27 27 29 30 32 34 34 33 34 34 34 34 33 32 31 29 27 24 22 21 20 18 21 23 27 31 32 37 41 43 46 54 56 54 59 65 73 75 66 58 69 71 73 61 59 69 62 59 58 57 57 83 139 132 139 156 145 127 116 102 90 95 95 88 53 49 47 44 42 43 45 49 59 63 84 92 98 80 87 106 114 124 132 123 107 117 118 98 68 50 29 33
25 25 24 24 26 25 27 29 31 31 31 31 32 32 32 31 32 31 29 26 24 22 23 21 20 21 22 21 24 26 32 35 41 43 41 48 51 48 62 64 67 64 54 58 71 75 80 69 73 74 66 63 58 50 57 88 122 111 105 107 111 128 137 132 118 103 89 73 54 48 46 48 45 40 41 45 52 57 74 78 80 75 70 94 107 124 109 136 123 105 118 131 75 71 40 27
23 23 22 22 23 23 25 27 27 27 28 29 30 29 29 29 28 28 26 26 26 25 21 21 18 17 18 23 24 26 31 30 33 34 37 47 44 42 53 47 42 48 63 73 65 80 70 68 72 53 50 57 68 61 77 89 88 96 89 94 93 88 96 108 104 100 84 70 59 50 52 46 39 38 39 41 45 53 59 61 66 67 66 73 84 105 115 115 139 124 107 117 108 84 65 47
21 21 20 20 21 21 22 23 24 24 25 26 26 26 26 27 26 25 26 25 23 20 18 17 17 17 19 20 23 28 27 30 28 28 34 44 35 32 37 39 52 66 67 56 65 80 62 64 58 51 45 50 58 62 60 63 85 97 82 80 80 68 73 82 75 70 57 51 50 46 43 38 36 37 38 39 41 43 44 49 56 61 66 71 76 91 117 102 118 131 128 130 116 84 91 59
24 20 19 18 19 19 20 21 21 22 23 23 23 23 23 23 23 23 22 20 19 19 19 17 16 18 22 22 21 23 23 27 27 28 26 39 32 28 35 40 46 55 52 58 57 67 64 69 52 42 40 41 46 47 51 75 68 74 71 72 65 63 51 46 46 49 47 44 43 41 38 35 34 35 35 36 37 37 38 41 45 51 58 63 67 76 92 112 113 115 118 126 103 113 106 86
25 23 18 17 18 18 18 19 20 20 21 21 20 20 20 21 21 20 19 19 18 18 17 16 16 17 21 21 22 22 22 25 25 23 26 30 27 30 40 51 50 49 54 57 49 51 51 40 34 35 36 41 42 45 60 75 64 63 64 67 66 55 45 39 41 40 39 39 39 37 34 34 33 32 32 33 32 33 34 35 37 43 47 54 55 57 63 83 89 107 105 109 117 108 106 88
21 22 17 16 16 16 17 17 18 18 19 19 17 19 19 18 18 19 18 18 17 17 18 18 20 23 22 20 19 18 19 25 22 21 24 25 28 34 41 42 39 50 49 48 39 41 35 29 29 31 38 43 42 47 60 62 62 62 63 62 57 47 38 34 33 33 35 38 37 34 31 30 30 30 30 30 30 31 31 31 33 35 37 38 42 42 42 47 51 71 93 104 104 102 103 103
18 17 16 15 14 14 15 16 15 16 16 16 16 16 15 16 15 15 16 16 16 17 18 20 21 17 18 18 17 18 20 22 18 19 22 28 26 29 32 32 39 53 42 30 37 33 28 24 27 32 35 36 43 51 51 52 51 53 55 56 50 41 35 31 29 30 32 30 28 29 29 28 29 29 29 29 29 28 28 28 28 30 30 29 29 30 30 32 35 41 49 76 101 98 98 97
17 16 15 14 13 13 13 14 14 14 13 14 14 12 12 13 13 14 14 14 15 16 15 17 17 17 17 16 16 17 19 20 17 19 22 21 23 25 32 39 43 46 33 27 28 24 21 22 25 28 31 35 46 45 48 47 54 56 62 57 51 43 33 28 27 27 28 26 25 26 28 27 28 29 29 29 28 27 27 25 25 26 26 25 24 24 24 24 27 32 36 50 76 90 91 93
16 16 16 13 12 12 12 13 13 11 11 11 10 10 11 11 12 13 14 14 15 14 15 16 16 16 15 15 15 16 17 17 16 18 18 19 22 29 39 32 29 28 26 27 24 23 23 23 24 27 30 36 38 38 44 46 55 59 55 51 47 45 32 27 25 25 25 24 23 23 24 27 29 29 27 26 24 23 22 22 23 23 22 22 21 21 21 21 21 25 29 33 40 49 60 64
15 14 15 15 12 11 11 11 11 10 10 10 9 9 10 13 12 12 12 12 13 13 13 14 15 15 14 14 14 14 14 15 18 18 19 22 25 30 30 26 25 25 27 24 24 26 24 23 25 28 31 34 35 35 39 45 47 46 46 42 37 32 25 24 25 26 26 23 21 21 21 22 25 24 24 24 23 21 21 21 21 21 20 20 19 19 19 19 20 21 23 24 27 32 35 48
16 14 12 13 12 10 10 10 10 9 9 8 8 8 9 9 9 10 10 11 11 12 12 13 14 14 14 14 13 13 14 16 18 20 21 21 23 22 23 24 25 25 25 24 25 24 24 26 28 30 32 36 36 35 34 37 38 37 39 37 31 25 22 22 24 24 23 20 19 19 18 19 20 21 23 23 22 21 20 19 19 19 19 18 18 18 18 18 18 19 19 20 21 23 28 34
15 15 12 11 11 10 9 9 9 8 8 8 7 7 8 8 8 9 9 10 10 11 12 12 13 13 13 13 13 13 14 15 17 17 18 18 19 20 23 24 25 25 25 26 25 25 27 28 29 29 31 32 33 37 32 32 33 32 31 31 25 22 21 21 21 21 19 18 17 16 16 16 17 19 21 22 21 20 18 18 18 17 17 17 18 18 18 18 17 16 16 16 18 21 24 27
14 15 12 12 11 9 9 8 8 8 8 7 7 7 7 7 8 8 9 9 10 10 11 12 12 13 13 13 13 13 14 16 16 15 15 15 17 19 21 22 24 25 26 26 26 25 26 27 27 28 29 30 31 33 33 30 30 32 31 35 26 21 21 21 21 20 18 17 15 14 14 14 15 17 18 19 19 18 17 16 16 16 16 17 17 18 18 18 17 16 14 13 15 16 19 23
13 13 12 11 10 9 9 8 8 8 7 7 6 6 6 7 7 7 8 8 9 10 11 11 12 12 12 12 12 12 13 13 14 13 13 15 16 18 20 22 22 25 26 25 24 25 25 25 26 27 28 28 29 31 32 33 30 31 34 37 26 21 20 20 20 19 16 15 14 13 12 12 14 15 16 17 16 15 15 15 15 15 15 16 16 17 18 18 18 16 13 11 12 13 14 19
12 11 10 9 9 9 8 8 8 7 6 6 6 6 6 6 6 7 7 8 9 9 10 11 11 12 12 12 12 12 12 12 12 11 12 14 16 17 19 20 22 23 24 24 24 24 24 24 25 26 27 28 28 30 31 31 31 31 36 39 27 22 19 19 18 17 14 13 12 12 12 12 12 13 14 15 15 14 14 14 13 14 14 14 15 17 17 17 17 16 11 10 9 10 10 12
11 10 9 9 8 8 8 7 7 7 6 5 5 5 5 5 6 7 7 8 8 9 10 10 11 11 12 12 12 12 12 12 12 12 13 14 16 17 19 20 22 24 24 23 24 25 25 25 25 26 26 27 28 30 31 30 29 32 34 34 29 21 18 17 16 15 14 12 12 11 11 11 12 12 13 14 14 14 13 13 12 12 12 13 14 14 14 14 13 11 9 8 8 8 8 8
14 9 8 8 8 7 7 6 6 6 5 4 4 4 4 5 5 6 7 7 8 8 9 10 10 11 12 12 12 12 12 13 13 13 14 15 16 18 19 20 23 24 24 24 24 24 25 25 25 26 27 28 28 29 29 28 29 31 32 31 29 21 18 16 15 14 13 12 11 11 10 10 11 12 12 13 13 13 12 11 11 11 11 11 12 12 12 12 11 8 7 6 6 6 7 7
11 9 8 7 7 6 6 5 5 4 4 3 3 4 4 4 5 5 6 7 8 8 9 9 9 10 11 12 12 12 12 13 13 14 14 15 16 17 18 21 24 25 25 25 24 25 25 25 25 26 26 26 27 28 27 27 29 30 30 28 27 21 18 16 14 14 13 11 11 10 10 9 10 11 12 12 12 11 10 9 9 9 9 9 10 10 10 10 9 8 6 6 6 6 7 7
10 10 9 8 6 6 5 4 4 3 3 3 3 3 4 5 5 6 6 7 7 8 8 9 9 10 11 12 12 12 12 12 13 14 14 15 16 16 18 23 24 25 25 24 24 27 24 23 23 23 24 25 25 26 26 27 28 29 28 27 27 21 17 15 14 13 12 11 10 9 9 8 9 10 11 11 11 10 8 8 8 8 8 8 8 7 7 8 8 7 6 6 6 6 7 8
11 11 11 10 6 5 5 4 4 3 3 3 3 3 4 5 5 5 6 6 7 7 8 8 8 9 10 11 11 12 12 12 13 13 14 15 15 16 20 22 22 22 22 22 24 24 22 23 23 23 23 24 24 25 26 26 27 27 26 26 27 20 17 14 13 12 12 11 10 9 8 7 7 9 9 10 9 8 6 6 6 7 6 6 6 5 5 6 6 6 5 5 5 6 7 8
11 11 10 11 7 5 4 4 4 3 3 3 3 3 4 4 5 5 6 6 6 7 7 8 8 9 10 11 11 11 12 12 12 13 13 14 14 17 22 21 21 22 23 23 23 26 27 24 23 23 24 24 24 25 25 25 26 25 25 24 24 19 17 14 12 12 11 10 9 8 7 6 7 7 8 8 8 7 6 6 6 6 6 5 4 4 4 5 5 5 4 4 5 5 6 6
13 12 11 10 7 5 4 4 4 3 3 3 3 3 3 4 4 5 5 5 6 7 7 7 8 9 10 10 10 11 11 12 12 12 12 13 14 17 20 21 22 23 24 24 24 25 27 27 24 23 23 24 24 24 24 25 25 25 25 24 24 20 16 13 12 11 11 10 9 8 6 5 6 6 7 7 7 7 6 6 6 6 5 4 4 4 4 5 5 4 4 4 4 5 5 5
14 12 11 10 7 5 4 4 4 3 3 3 3 3 3 4 4 4 5 5 6 7 7 8 8 9 10 10 10 10 10 11 11 11 11 12 13 16 19 20 23 24 24 27 23 22 22 23 23 23 23 23 24 23 23 24 24 25 25 24 24 18 15 12 11 11 10 10 9 7 6 5 5 6 6 7 7 7 7 7 7 6 5 4 3 4 4 5 5 5 3 3 4 5 5 5
15 12 11 12 8 5 4 4 4 4 3 3 3 3 3 4 4 4 5 5 6 7 8 8 9 9 9 10 10 10 10 10 10 10 10 11 12 17 18 20 23 24 24 24 21 18 18 19 20 22 22 22 21 22 22 23 24 24 24 23 22 16 13 11 10 10 10 9 9 7 6 5 5 5 6 6 7 7 7 7 6 5 4 4 3 3 4 5 5 4 3 4 4 4 4 4
12 12 11 13 11 7 5 4 4 4 3 3 3 3 3 3 4 4 5 6 7 8 8 9 9 9 9 10 10 10 10 10 10 10 10 10 13 16 17 18 20 22 22 20 19 15 14 15 15 19 20 20 20 22 22 23 23 24 24 23 19 14 12 10 10 9 9 8 8 7 6 5 5 5 6 6 6 7 7 7 5 4 3 3 3 3 3 4 3 3 3 3 3 3 3 3
13 14 13 12 13 10 7 5 4 4 3 3 3 3 3 4 4 5 5 6 8 8 9 9 10 10 10 10 10 10 9 9 9 9 9 9 12 15 15 18 19 20 20 18 12 12 12 11 12 13 17 19 20 20 21 21 21 22 22 21 14 12 11 10 9 9 8 8 7 7 6 6 5 5 6 6 6 6 6 5 4 3 3 3 3 3 3 3 3 2 2 2 2 2 2 2
16 15 14 14 13 12 12 8 5 4 4 4 4 4 4 4 5 5 6 7 9 9 10 10 10 11 12 11 10 9 9 9 9 8 8 8 10 13 14 16 17 19 19 15 11 9 9 9 9 11 15 17 18 19 19 20 20 19 19 18 12 11 10 9 9 8 7 7 7 6 6 6 6 6 6 6 6 6 5 4 3 3 2 2 2 2 2 2 2 2 2 2 2 2 2 2
15 14 14 16 14 12 11 12 9 5 4 4 4 4 4 5 5 5 6 7 9 10 11 11 11 12 11 10 9 9 9 9 8 8 8 8 10 13 14 14 16 17 17 16 11 7 7 7 8 9 11 14 16 17 17 18 18 17 17 15 11 10 10 9 8 7 7 6 6 6 6 6 6 6 6 6 6 6 5 4 3 2 2 2 2 2 2 2 2 2 2 2 2 3 3 2
12 13 13 15 14 14 12 9 11 7 5 5 5 5 5 6 7 6 5 6 8 8 9 10 10 10 10 9 9 9 9 8 8 8 8 9 11 12 13 14 15 16 15 15 9 6 6 5 6 7 10 14 15 16 17 17 16 16 15 13 10 9 9 8 7 6 6 6 6 6 6 6 6 6 6 6 6 6 5 4 3 2 2 2 2 2 2 2 2 2 2 2 2 3 4 3
14 12 12 13 14 15 13 8 7 7 6 5 5 5 6 6 8 6 5 5 6 7 7 8 8 8 9 9 9 9 8 8 8 8 9 9 11 12 12 12 15 15 15 13 7 5 4 4 4 5 8 11 12 14 15 15 14 14 13 10 9 8 8 7 6 6 5 5 5 5 5 5 5 5 5 6 6 5 4 4 3 2 2 2 2 2 2 2 2 2 2 2 2 2 3 3
11 12 12 13 15 15 12 9 7 5 5 5 4 4 4 4 4 4 4 5 5 6 6 7 7 7 8 8 8 8 9 9 9 8 8 10 11 12 11 13 16 13 11 10 6 4 4 3 3 5 7 11 13 14 14 13 12 11 10 9 8 7 7 6 6 5 5 5 5 5 5 5 5 5 5 5 5 5 4 3 3 2 2 2 2 2 2 2 2 2 2 2 1 1 2 3
10 13 12 13 15 17 14 12 9 6 5 5 4 4 4 4 3 3 4 4 5 5 6 6 7 7 8 8 9 10 10 9 7 7 8 10 11 11 11 14 12 13 12 8 5 4 4 4 3 5 9 11 13 13 12 11 11 10 9 8 7 7 6 5 5 4 4 4 4 4 4 4 4 4 4 4 4 4 4 3 2 2 2 2 2 2 2 2 2 2 2 2 2 1 2 2
8 12 11 12 12 15 19 13 10 7 5 5 4 4 4 4 4 4 4 4 4 5 5 6 7 9 9 8 8 8 8 7 7 7 8 10 11 11 13 14 12 12 11 7 5 5 4 4 5 8 12 14 14 13 11 10 9 8 7 7 6 6 5 5 4 4 4 3 3 3 3 4 4 4 4 4 4 4 3 3 2 2 2 2 2 2 2 3 3 3 3 2 2 2 2 3
7 9 10 10 11 12 11 10 9 11 7 5 4 4 4 4 4 4 4 4 4 5 5 6 7 7 7 6 6 6 6 6 7 7 8 11 11 11 12 11 11 11 10 7 5 5 5 6 8 11 17 19 15 12 10 8 7 6 6 5 5 5 4 4 4 3 3 3 3 3 3 3 3 3 4 4 4 3 3 3 2 2 2 2 2 2 2 3 4 4 3 3 3 3 3 3
8 8 10 11 10 10 10 9 8 12 10 7 6 5 4 4 4 4 4 4 5 5 5 5 5 6 6 6 6 6 6 6 7 8 9 10 10 11 11 11 12 11 10 8 5 5 6 7 9 13 19 19 14 10 8 7 6 5 5 4 4 4 4 3 3 3 2 2 2 2 2 3 3 3 3 3 3 3 3 2 2 2 2 2 2 2 2 3 4 5 3 3 3 3 4 4
13 8 11 10 9 9 9 9 9 11 14 9 8 7 5 5 4 4 4 5 5 5 5 5 5 5 6 6 6 6 6 6 7 9 9 11 10 11 11 11 11 11 9 9 6 5 6 7 8 11 13 12 9 7 6 5 5 4 3 3 3 3 3 3 3 2 2 2 2 2 2 2 3 3 3 3 3 3 3 3 2 2 2 2 2 2 2 3 3 3 3 3 3 3 4 4
9 6 9 10 9 9 9 10 10 9 11 11 11 9 7 5 5 5 5 5 5 5 5 5 5 6 6 6 6 6 6 7 9 10 9 10 10 11 11 11 12 10 10 8 7 5 5 6 7 8 8 6 5 4 4 4 4 3 3 3 3 3 3 2 2 2 2 1 1 1 1 2 2 3 3 3 3 3 3 3 2 2 2 2 2 2 2 2 2 2 2 2 2 2 3 3
5 5 6 7 7 8 9 11 9 9 9 9 13 10 8 7 6 6 6 5 5 5 5 5 6 6 6 6 6 6 7 9 10 10 10 10 9 10 10 11 10 10 9 8 7 5 5 5 5 5 5 4 3 3 3 3 3 3 3 3 3 2 2 2 2 2 1 1 1 1 1 2 2 3 3 4 4 3 3 3 2 2 2 1 1 1 1 1 2 2 2 2 1 2 3 3
4 4 5 5 6 7 8 10 11 9 9 10 10 11 9 8 7 7 7 6 6 6 6 6 6 6 7 7 7 8 10 10 10 10 9 9 10 9 10 10 10 10 10 9 5 4 4 4 4 4 3 3 2 2 2 2 2 2 2 2 2 2 2 2 2 1 1 1 1 1 1 1 2 3 4 4 4 3 3 3 2 2 1 1 1 1 1 1 2 2 2 2 1 1 2 2
