markdown_presentation/Maxent_Alex/sdm_pakistan_maxent/Env_layers/prec_worldclim_07.asc
NCOLS 120 
NROWS 120 
XLLCORNER 60 
YLLCORNER 20 
CELLSIZE 0.166666666666667 
NODATA_value -32768 
[rows 0 to 54 of 120, columns 0 to 95 of 120]
2.000000000000000 2 2 2 2 1 1 1 1 1 1 1 1 1 1 1 1 1 1 0 0 0 0 0 1 1 1 1 1 1 1 1 1 1 1 1 1 2 2 2 2 2 3 5 4 4 5 5 4 4 5 5 6 6 6 7 8 10 11 10 14 15 13 13 15 15 12 16 21 23 26 27 22 30 39 39 34 32 32 33 29 32 33 32 30 29 28 30 31 29 28 27 26 22 20 17
2 2 2 1 1 1 1 1 1 1 1 1 1 1 1 1 0 0 0 0 0 0 0 0 0 0 0 0 0 1 1 1 1 1 2 2 1 1 2 2 2 2 3 3 3 5 7 7 9 8 8 11 10 9 10 10 13 15 17 17 19 23 22 24 24 21 24 32 35 36 41 37 31 35 36 38 33 30 30 27 28 31 29 27 27 27 26 25 24 23 23 21 21 19 16 13
1 1 1 1 1 1 1 1 1 1 1 1 1 1 0 0 0 0 0 0 0 0 0 0 0 0 0 0 0 0 1 1 1 1 1 1 1 1 2 2 2 2 2 3 4 6 9 10 12 14 14 18 18 18 18 20 23 26 29 30 32 32 35 36 32 26 27 33 37 36 29 23 25 22 19 20 21 23 24 25 28 29 28 29 28 26 24 24 23 21 18 18 16 15 12 10
1 1 1 1 1 1 1 1 1 1 1 1 0 0 0 0 0 0 0 0 0 0 0 0 0 0 0 0 0 0 0 0 0 1 1 1 1 1 1 3 4 4 4 4 4 6 6 7 8 11 12 13 16 17 18 18 20 21 23 24 26 27 27 28 27 31 31 23 29 25 19 24 31 25 31 33 37 41 40 33 35 37 31 29 26 24 25 24 21 19 16 14 12 11 9 8
1 1 1 1 1 1 1 1 1 1 0 0 0 0 0 0 0 0 0 0 0 0 0 0 0 0 0 0 0 0 0 0 0 0 0 1 1 1 1 1 2 3 4 6 7 9 9 14 13 19 17 13 18 19 21 21 23 25 25 23 22 20 23 23 19 19 21 15 15 17 34 40 36 32 35 38 42 44 41 32 30 33 31 25 24 28 27 26 23 21 15 12 11 9 8 8
1 1 1 1 1 1 1 1 0 0 0 0 0 0 0 0 0 0 0 0 0 0 0 0 0 0 0 0 0 0 0 0 0 0 0 0 1 1 1 1 1 1 3 5 8 14 16 16 17 17 15 18 16 17 21 19 18 24 22 23 16 14 16 15 15 16 18 21 30 28 28 36 43 33 36 37 41 40 35 31 23 25 32 27 26 22 19 21 26 21 18 15 11 9 8 8
1 1 1 1 1 1 1 0 0 0 0 0 0 0 0 0 0 0 0 0 0 0 0 0 0 0 0 0 0 0 0 0 0 0 0 0 0 1 1 1 1 2 3 5 12 13 10 12 14 17 16 18 12 13 17 13 16 15 16 13 11 15 16 22 21 18 20 29 27 26 39 43 46 37 42 41 35 37 33 26 23 26 29 27 22 20 19 18 20 21 22 16 13 11 10 8
1 1 1 1 1 0 0 0 0 0 0 0 0 0 0 0 0 0 0 0 0 0 0 0 0 0 0 0 0 0 0 0 0 0 0 0 0 0 0 1 2 6 7 8 12 10 5 8 11 9 8 8 6 9 11 10 11 12 10 12 15 14 15 16 15 19 24 19 29 28 31 34 32 41 41 35 33 32 28 24 24 25 26 23 22 20 21 20 18 15 19 15 14 12 12 10
1 1 1 1 0 0 0 0 0 0 0 0 0 0 0 0 0 0 0 0 0 0 0 0 0 0 0 0 0 0 0 0 0 0 0 0 0 0 1 1 2 4 5 8 8 7 4 4 3 2 3 3 3 3 4 6 9 11 11 11 13 14 15 18 17 18 21 27 31 31 19 21 30 39 44 35 24 25 19 27 28 24 22 20 18 17 17 18 17 15 18 23 17 14 15 13
1 1 1 0 0 0 0 0 0 0 0 0 0 0 0 0 0 0 0 0 0 0 0 0 0 0 0 0 0 0 0 0 0 0 0 0 0 1 1 1 2 3 4 6 6 7 2 1 1 1 2 2 2 3 4 4 6 7 8 10 11 13 16 17 14 13 13 20 20 17 22 23 25 34 27 22 22 24 22 27 28 24 22 17 14 14 14 14 16 15 13 16 16 14 12 11
1 1 1 0 0 0 0 0 0 0 0 0 0 0 0 0 0 0 0 0 0 0 0 0 0 0 0 0 0 0 0 0 0 0 0 0 0 1 1 1 2 2 3 3 2 2 1 0 1 2 2 3 2 1 3 5 5 5 6 8 10 12 15 13 18 15 23 15 11 17 23 24 26 15 18 18 21 20 21 20 17 19 18 15 12 13 14 15 14 12 20 16 15 13 12 11
1 1 0 0 0 0 0 0 0 0 0 0 0 0 0 0 0 0 0 0 0 0 0 0 0 0 0 0 0 0 0 0 0 0 0 0 0 1 1 2 2 2 1 1 1 0 0 0 1 1 1 2 0 1 2 2 3 4 5 6 10 11 12 15 21 21 24 14 18 19 20 15 15 19 26 26 26 23 25 22 20 16 13 11 12 11 11 11 13 12 10 12 13 11 10 9
1 0 0 0 0 0 0 0 0 0 0 0 0 0 0 0 0 0 0 0 0 0 0 0 0 0 0 0 0 0 0 0 0 0 0 0 0 0 1 2 2 1 0 0 0 0 0 0 2 0 2 1 0 1 2 1 3 2 3 7 9 9 14 13 15 20 15 10 13 11 16 17 25 28 29 26 23 20 24 21 19 16 15 13 12 11 11 10 11 12 9 9 10 11 8 9
1 0 0 0 0 0 0 0 0 0 0 0 0 0 0 0 0 0 0 0 0 0 0 0 0 0 0 0 0 0 0 0 0 0 0 0 0 0 1 2 0 0 0 0 0 0 0 0 1 1 1 0 0 0 1 1 2 2 4 7 9 8 11 14 16 15 12 20 21 11 23 18 18 17 17 17 19 13 13 12 14 14 12 12 12 11 11 10 10 11 11 8 8 8 9 8
0 0 0 0 0 0 0 0 0 0 0 0 0 0 0 0 0 0 0 0 0 0 0 0 0 0 0 0 0 0 0 0 0 0 0 0 0 0 0 0 0 0 0 0 0 0 0 0 0 0 0 0 0 0 2 2 1 2 3 4 7 7 9 10 14 11 13 20 16 14 13 21 26 26 22 18 23 17 15 17 19 17 14 14 12 11 10 10 9 10 11 9 8 8 9 9
0 0 0 0 0 0 0 0 0 0 0 0 0 0 0 0 0 0 0 0 0 0 0 0 0 1 1 1 0 0 0 0 0 0 0 0 0 0 0 0 0 0 0 0 0 0 0 0 0 0 0 0 0 0 1 2 1 2 4 7 8 9 10 10 11 11 13 17 13 11 18 24 22 17 14 19 21 20 17 14 14 14 13 12 12 12 11 10 9 9 10 9 8 9 8 8
0 0 0 0 0 0 0 0 0 0 0 0 0 0 0 0 0 0 0 0 0 0 1 1 1 1 1 1 1 1 0 0 0 0 0 0 0 0 0 0 0 0 0 0 0 0 0 0 0 0 0 0 0 1 1 2 1 2 4 7 7 7 8 8 10 10 13 19 15 16 16 17 15 17 20 23 19 16 17 20 21 18 16 15 13 11 11 11 10 10 9 9 7 9 8 7
0 0 0 0 0 0 0 0 0 0 0 0 0 0 0 0 0 0 0 0 1 1 1 1 1 1 1 1 1 1 1 0 0 0 0 0 0 0 0 0 0 0 0 0 0 0 0 0 0 0 0 0 1 1 1 1 2 3 5 6 6 7 7 7 7 9 12 13 14 21 26 21 26 26 24 19 16 22 24 23 18 15 15 13 12 13 13 11 10 9 9 9 8 9 9 7
1 0 0 0 0 0 0 0 0 0 0 0 0 0 0 0 0 0 0 1 1 1 1 1 1 2 2 2 2 1 1 1 0 0 0 0 0 0 0 0 0 0 0 0 0 0 0 0 0 0 0 0 1 1 2 2 2 3 3 5 5 7 7 10 9 7 10 21 20 19 30 28 20 15 20 24 21 20 18 19 13 16 16 14 15 14 12 11 10 9 9 10 10 9 9 7
1 1 0 0 0 0 0 0 0 0 0 0 0 0 0 0 0 0 0 1 1 1 1 2 2 2 3 3 3 2 2 1 1 0 0 0 0 0 0 0 0 0 0 0 0 0 0 0 0 0 0 1 1 1 2 2 2 3 4 6 6 8 9 14 14 9 12 25 22 13 24 18 24 31 31 22 23 19 21 21 18 19 19 17 14 13 12 11 9 9 10 10 10 11 9 9
1 1 0 0 0 0 0 0 0 0 0 0 0 0 0 0 0 0 1 1 1 1 1 2 2 3 3 4 4 3 2 2 1 0 0 0 0 0 0 0 0 0 0 0 1 0 0 0 0 0 0 1 1 1 2 2 2 4 5 6 10 8 13 20 13 11 19 21 18 26 26 33 36 29 19 21 23 20 22 19 16 19 14 14 13 15 16 14 10 10 11 11 10 11 12 8
2 1 1 0 0 0 0 0 0 0 0 0 0 0 0 0 0 0 1 1 1 1 1 2 2 3 3 4 5 5 3 2 1 1 0 0 0 0 0 0 0 0 0 1 1 0 0 0 0 0 0 0 0 1 1 2 3 5 9 8 13 16 21 25 14 22 28 25 27 32 37 36 28 24 18 21 24 28 25 19 16 20 17 14 18 14 14 15 12 11 13 11 9 10 11 10
1 1 1 0 0 0 0 0 0 0 0 0 0 0 0 0 0 0 1 1 1 1 1 2 2 3 3 4 5 4 3 2 1 1 1 0 0 1 0 0 0 0 0 0 0 1 0 0 0 1 0 0 0 1 1 2 7 6 15 9 12 20 30 24 21 33 31 32 34 30 33 35 24 19 24 27 29 27 27 23 19 18 14 19 19 14 14 13 12 13 14 17 13 11 11 11
1 1 0 0 0 0 0 0 0 0 0 0 0 0 0 0 0 0 0 1 1 1 1 2 2 2 2 3 3 3 2 2 1 1 1 1 0 0 0 0 0 0 0 0 1 1 1 1 1 1 1 0 0 1 1 3 5 5 10 16 18 19 28 27 24 29 34 34 33 29 26 29 24 37 33 34 33 31 30 29 28 27 23 18 17 15 18 17 17 16 14 13 13 13 13 12
1 1 1 0 0 0 0 0 0 0 0 0 0 0 0 0 0 0 0 0 1 1 1 1 2 2 2 2 2 2 2 2 2 2 2 1 1 0 0 0 0 0 0 0 0 1 2 1 1 1 1 0 0 1 2 4 7 6 12 21 23 28 26 25 32 30 39 34 35 34 25 29 37 41 40 40 39 38 37 34 32 30 29 27 25 18 16 18 16 18 15 13 12 12 12 11
2 2 1 1 1 0 0 0 0 0 0 0 0 0 0 0 0 0 0 0 0 1 1 1 1 2 2 2 2 2 2 2 2 2 2 1 1 1 1 1 1 0 1 1 1 1 1 1 2 3 1 1 1 2 3 4 6 13 19 22 23 27 32 34 33 39 39 37 38 39 28 41 43 46 45 44 44 42 41 39 36 35 33 30 29 27 25 17 18 19 17 16 13 12 12 10
1 1 1 1 1 1 0 0 0 0 0 0 0 0 0 0 0 0 0 0 0 1 1 1 1 2 2 2 2 2 2 2 2 2 1 1 1 2 2 2 1 1 2 1 2 2 1 1 3 2 1 1 1 2 3 4 7 12 17 16 24 29 30 36 39 40 41 40 43 45 38 46 50 51 52 53 51 51 49 48 45 41 36 33 33 32 29 22 23 21 18 16 14 11 13 12
2 1 0 0 1 1 0 0 0 0 0 0 0 0 0 0 0 0 0 0 0 1 2 2 2 2 2 2 2 2 2 2 2 1 1 1 2 2 1 1 2 2 2 2 2 2 1 2 1 1 2 3 5 6 6 11 15 15 15 23 25 27 32 37 39 41 45 45 47 52 55 59 65 64 60 65 58 65 65 66 54 51 48 40 31 30 29 29 28 25 22 20 15 12 10 13
1 2 1 0 0 0 0 0 0 0 0 0 0 0 0 0 0 0 0 0 0 1 1 1 1 1 1 2 2 2 2 1 1 1 1 1 1 1 1 2 3 2 2 2 2 1 1 1 1 2 5 7 11 9 7 7 8 13 19 27 25 25 32 39 40 44 48 53 58 66 68 87 82 72 75 87 69 76 84 85 67 59 55 52 50 45 39 35 33 29 26 23 20 14 14 10
1 1 0 0 0 0 0 0 0 0 0 0 0 0 0 0 0 0 0 0 0 1 1 1 1 1 1 1 1 1 2 1 1 1 1 1 2 1 1 2 2 2 2 3 2 1 2 2 3 6 7 7 5 5 5 4 7 13 21 24 28 27 30 40 43 46 55 60 65 79 101 112 115 105 118 112 99 122 114 88 73 65 63 58 54 49 43 39 38 34 30 26 23 21 18 13
1 1 0 0 0 0 0 0 0 0 0 0 0 0 0 0 0 0 0 0 1 1 1 1 1 1 1 1 1 1 1 1 1 1 1 1 1 1 1 1 2 2 2 2 2 2 3 3 3 3 4 4 5 6 6 4 7 9 17 25 23 31 23 45 46 46 49 56 78 84 100 113 128 137 141 147 151 153 128 99 83 84 79 69 64 61 56 48 43 40 34 30 27 23 20 17
0 1 0 0 0 0 0 0 0 0 0 0 0 0 0 0 1 1 1 1 1 1 1 1 1 1 1 1 1 1 1 1 0 0 0 0 1 0 1 2 1 1 1 2 3 3 3 3 4 5 5 6 7 10 6 6 13 11 16 26 16 14 32 47 52 41 41 65 58 73 89 117 120 133 154 165 178 185 171 134 115 114 84 83 81 75 68 60 54 47 41 35 30 26 23 20
0 0 0 0 0 0 0 0 0 0 0 0 0 0 0 1 1 1 1 1 1 1 1 1 1 1 1 1 0 0 0 0 0 0 0 0 0 0 0 1 1 1 2 3 3 4 5 6 5 5 7 8 8 9 7 7 13 15 15 15 8 8 17 16 26 34 55 41 50 77 89 102 111 144 154 180 190 201 215 196 173 129 112 102 92 72 68 71 61 55 49 41 33 29 25 21
0 0 0 0 0 0 0 0 0 0 0 0 0 0 0 0 1 1 1 1 1 1 1 0 0 0 0 0 0 0 0 0 0 0 0 0 0 0 1 1 1 1 1 2 2 2 2 2 4 5 6 6 6 8 8 11 17 24 31 35 27 16 8 11 16 22 31 35 46 63 76 93 105 124 148 169 197 223 262 293 261 172 124 117 92 60 60 52 65 60 53 46 38 34 30 25
0 0 0 0 0 0 0 0 0 0 0 0 0 0 0 0 0 0 0 1 1 1 0 0 0 0 0 0 0 0 0 0 0 0 0 0 0 0 0 0 1 1 1 1 2 3 3 3 3 3 5 6 7 8 8 13 21 27 37 46 50 39 25 19 17 21 26 33 40 48 64 82 91 102 120 153 193 210 260 244 230 178 134 126 111 75 50 45 55 63 61 55 45 37 30 28
0 0 0 0 0 0 0 0 0 0 0 0 0 0 0 0 1 1 1 1 1 0 0 0 0 0 0 0 0 0 0 0 0 0 0 0 0 0 0 0 1 1 1 1 2 3 3 3 3 4 4 4 5 6 8 15 24 29 36 44 55 72 74 65 51 55 51 47 37 43 59 79 90 96 105 120 156 169 239 232 219 141 108 112 92 100 79 53 52 57 68 63 52 45 34 33
0 0 0 0 0 0 0 0 0 0 0 0 0 0 0 1 1 1 1 1 0 0 0 0 0 0 0 0 0 0 0 0 0 0 0 0 0 0 0 1 1 1 1 1 3 3 4 4 5 5 5 5 5 6 9 17 25 33 44 69 89 79 77 88 98 90 67 54 47 48 62 82 90 90 99 118 150 175 223 212 182 165 90 100 95 110 108 88 63 55 55 64 60 54 43 34
0 0 0 0 0 0 0 0 0 0 0 0 0 0 0 1 1 1 1 1 1 1 0 0 0 0 0 0 0 0 0 0 0 0 0 0 0 0 0 0 0 0 2 3 2 5 4 4 5 4 4 5 8 8 13 19 25 35 56 78 101 95 102 106 109 109 94 80 72 68 83 85 83 89 98 118 147 191 218 226 187 160 94 88 76 76 113 108 88 66 53 55 72 65 55 44
0 0 0 0 0 0 0 0 0 0 0 0 0 0 0 0 0 0 1 1 0 0 0 0 0 0 0 0 0 0 0 0 0 0 0 0 0 0 0 0 0 2 2 1 3 5 3 4 4 4 4 4 7 10 12 17 27 36 58 82 95 82 94 104 103 102 91 81 78 78 80 77 82 90 103 119 148 196 229 224 215 209 175 145 98 75 104 113 109 94 84 79 85 75 70 55
0 0 0 0 0 0 0 0 0 0 0 0 0 0 0 0 0 0 0 0 0 0 0 0 0 0 0 0 0 0 0 0 0 0 0 0 0 0 0 0 0 1 1 2 2 4 4 6 4 4 4 4 6 9 14 22 30 42 66 80 78 87 79 80 89 101 99 86 81 80 79 79 85 93 102 118 142 173 199 201 204 220 224 194 127 99 97 110 109 110 109 103 98 94 86 78
1 0 0 0 0 0 0 0 0 0 0 0 0 0 0 0 0 0 0 0 0 0 0 0 0 0 0 0 0 0 0 0 0 0 0 0 0 0 0 1 1 1 2 2 2 2 3 2 2 3 4 5 7 11 17 25 33 50 68 80 88 83 78 77 91 91 91 91 90 86 82 86 88 93 101 112 127 150 169 176 190 223 247 225 176 169 156 121 142 131 143 139 124 119 116 97
0 0 0 0 0 0 0 0 0 0 0 0 0 0 0 0 0 0 0 0 0 0 0 0 1 1 0 0 0 0 0 0 0 0 0 0 0 0 0 0 0 1 1 2 1 1 1 1 1 3 5 7 9 13 20 26 35 47 63 79 81 77 72 72 75 77 88 103 101 90 82 84 88 93 99 106 116 130 146 163 187 217 242 254 224 221 237 230 265 213 170 163 165 156 162 159
0 0 0 0 0 0 0 0 0 0 0 0 0 0 0 0 0 0 0 0 0 0 0 1 1 0 0 0 0 0 0 0 0 0 0 0 0 0 0 0 1 3 1 0 1 1 0 0 1 3 5 7 11 16 21 29 40 53 65 74 77 74 71 68 70 75 89 79 76 79 84 86 91 95 98 101 105 112 129 150 174 202 225 240 249 253 273 302 334 332 343 273 196 165 171 170
0 0 0 0 0 0 0 0 0 0 0 0 0 0 0 0 0 0 0 0 0 0 0 0 0 0 0 0 0 0 0 0 1 1 0 1 0 0 0 1 2 2 0 0 0 0 0 0 1 3 5 9 14 18 24 31 40 49 59 74 83 81 73 68 70 73 80 73 73 78 88 88 93 97 99 102 103 107 117 134 155 177 197 210 222 237 258 286 324 343 382 398 294 274 274 312
0 0 0 0 0 0 0 0 0 0 0 0 0 0 0 0 0 0 0 0 0 0 0 0 0 0 0 0 0 0 0 0 1 1 1 1 0 0 1 0 0 0 0 0 0 0 1 1 2 4 7 10 15 20 26 33 41 50 61 73 81 87 76 70 70 72 74 74 72 75 82 94 99 100 99 98 98 101 110 122 137 152 166 177 186 199 211 194 255 296 337 395 439 450 448 499
0 0 0 0 0 0 0 0 0 0 0 0 0 0 0 0 0 0 0 0 0 0 0 0 0 0 0 0 0 0 0 1 1 1 1 1 0 1 0 0 0 0 0 0 0 1 1 2 3 6 9 12 16 22 28 35 44 53 63 71 72 72 66 68 73 79 82 77 71 73 78 85 94 96 98 99 98 97 103 111 121 132 142 150 154 160 157 109 171 243 285 321 369 428 464 566
0 0 0 0 0 0 0 0 0 0 0 0 0 0 0 0 0 0 0 0 0 0 0 0 0 0 0 0 0 0 0 1 1 1 1 1 1 0 0 0 0 0 0 0 1 1 2 3 5 8 11 15 19 24 31 38 46 54 61 67 67 63 63 65 71 74 75 68 69 72 75 81 89 97 100 101 100 98 100 105 111 119 128 136 141 143 136 130 163 212 245 279 319 373 433 513
0 0 0 0 0 0 0 0 0 0 0 0 0 0 0 0 0 0 0 0 0 0 0 0 0 0 0 0 0 0 1 1 1 1 1 1 1 1 1 0 0 0 0 1 2 3 4 6 8 10 13 16 21 26 32 39 46 52 57 63 59 59 61 63 65 65 65 66 67 69 72 77 84 92 98 102 103 99 98 100 104 111 120 131 143 148 146 149 168 195 224 254 287 322 385 477
0 1 0 0 0 0 0 0 0 0 0 0 0 0 0 0 0 0 0 0 0 0 0 0 0 0 0 0 0 0 1 1 1 1 1 1 1 1 1 1 1 1 2 2 3 4 6 7 9 12 15 19 23 28 34 40 46 53 59 68 62 58 59 61 63 63 63 63 64 65 67 71 79 87 93 98 99 96 95 96 99 105 115 128 144 155 161 167 179 196 215 237 260 284 353 462
0 0 0 0 0 0 0 0 0 0 0 0 0 0 0 0 0 0 0 0 0 0 0 0 0 0 0 0 0 0 1 1 1 2 2 2 2 2 2 2 2 2 3 4 5 6 8 9 12 14 17 21 25 30 36 42 48 54 62 70 63 58 58 59 60 61 60 60 60 62 64 67 74 81 88 93 94 93 92 93 95 101 111 126 145 165 176 182 192 204 214 228 246 258 308 438
0 0 0 0 0 0 0 0 0 0 0 0 0 0 0 0 0 0 0 0 0 0 0 0 0 0 0 0 0 1 1 1 2 2 2 2 2 3 3 3 3 4 5 6 7 9 10 12 14 17 20 23 28 32 38 44 50 56 65 72 67 61 56 57 57 57 56 57 57 58 61 64 70 77 84 89 93 93 94 92 90 95 106 122 144 172 188 188 195 204 213 229 242 250 280 335
0 0 0 0 0 0 0 0 0 0 0 0 0 0 0 0 0 0 0 0 0 0 0 0 0 0 0 0 0 1 1 1 2 2 2 3 3 4 4 5 5 6 7 8 10 11 13 15 18 20 23 26 30 35 40 45 51 58 66 72 71 61 56 55 55 55 54 54 54 55 57 60 65 73 80 88 93 97 100 92 84 88 99 114 134 157 172 176 182 186 200 227 244 240 249 279
1 0 0 0 0 0 0 0 0 0 0 0 0 0 0 0 0 0 0 0 0 0 0 0 0 0 0 0 1 1 1 2 2 2 3 3 4 5 6 7 7 8 9 11 13 15 17 19 21 23 26 29 33 37 42 47 54 61 67 73 74 63 56 53 53 53 52 52 52 52 53 55 59 67 76 86 95 101 100 91 82 85 93 104 118 132 144 156 167 169 180 206 220 217 208 232
0 0 0 0 0 0 0 0 0 0 0 0 0 0 0 0 0 0 0 0 0 0 0 0 0 0 0 0 1 1 1 2 2 3 3 4 5 6 8 8 8 10 11 13 15 17 20 22 24 26 28 30 34 39 44 50 57 63 69 73 74 64 56 52 51 51 51 50 49 49 49 49 52 59 68 82 99 106 101 92 86 85 88 95 104 114 122 144 162 159 163 177 184 186 190 214
0 0 0 0 0 0 0 0 0 0 0 0 0 0 0 0 0 0 0 0 0 0 0 0 0 0 0 1 1 1 1 2 2 3 4 4 6 7 9 9 10 11 13 15 18 20 24 27 29 29 30 31 35 40 46 52 59 66 71 76 79 69 58 51 50 50 49 49 48 47 45 44 45 52 59 75 100 108 100 92 86 84 85 88 94 104 116 142 163 150 149 158 167 175 187 206
