markdown_presentation/Maxent_Alex/sdm_pakistan_maxent/Env_layers/prec_worldclim_01.asc
NCOLS 120 
NROWS 120 
XLLCORNER 60 
YLLCORNER 20 
CELLSIZE 0.166666666666667 
NODATA_value -32768 
[rows 0 to 61 of 120, columns 0 to 95 of 120]
13.000000000000000 13 13 14 14 14 15 15 15 16 16 16 17 17 17 18 18 18 19 19 20 20 21 22 22 23 24 25 26 27 28 30 32 33 34 35 36 38 39 41 43 45 47 51 50 50 54 56 53 52 54 54 56 56 56 56 56 61 64 59 70 69 61 55 59 54 46 49 51 50 51 49 37 43 54 51 39 32 28 27 19 22 20 17 13 11 9 9 9 8 6 5 5 4 4 4
14 14 14 14 15 15 15 16 16 16 17 17 17 18 18 18 19 19 19 20 20 21 21 22 23 24 24 25 26 27 28 29 31 33 36 39 38 38 40 42 44 45 47 48 49 51 59 62 67 67 67 75 72 70 71 72 76 81 83 80 80 85 80 79 75 66 67 76 77 73 76 67 53 55 53 52 40 32 29 22 21 21 17 13 11 10 8 7 6 5 5 4 4 4 4 4
14 14 15 15 15 15 16 16 17 17 17 18 18 18 18 19 19 19 20 20 20 21 22 22 23 24 25 26 27 28 29 29 30 32 33 35 37 38 40 43 45 47 47 47 49 58 66 72 77 83 85 91 91 92 92 94 96 99 100 99 100 97 98 97 89 76 74 79 83 77 60 45 43 34 25 23 23 24 22 21 22 22 18 18 15 11 8 7 6 5 4 4 4 4 4 4
15 15 15 15 16 16 16 17 17 17 18 18 18 19 19 19 20 20 20 21 21 21 22 23 23 24 25 26 27 28 29 30 31 32 33 34 36 38 41 48 51 52 51 51 53 58 59 64 70 78 82 84 89 92 94 94 96 96 97 97 97 95 93 91 86 87 84 66 72 60 43 49 58 43 49 48 49 49 46 35 34 31 23 18 13 10 10 8 5 4 4 4 4 4 4 4
15 15 16 16 16 16 17 17 18 18 18 19 19 20 20 20 20 21 21 21 21 22 22 23 24 25 26 27 28 28 29 30 31 32 33 34 36 37 39 42 45 50 52 59 66 71 71 84 83 94 92 88 96 97 99 100 101 102 102 98 94 89 90 85 75 71 70 53 49 47 75 81 69 59 61 60 59 55 49 36 30 30 25 16 13 15 13 10 7 5 3 3 4 4 4 5
16 16 16 17 17 17 17 18 18 19 19 19 20 20 21 21 21 21 21 22 22 22 23 24 24 25 27 27 28 29 30 30 31 32 33 34 35 37 38 39 41 43 49 60 69 83 88 89 92 93 91 96 95 97 102 99 98 103 100 99 89 82 82 77 71 69 67 67 79 71 66 76 82 63 66 63 62 55 45 36 23 22 27 20 17 11 6 8 11 6 4 3 3 3 4 4
17 17 17 17 18 18 18 19 19 19 20 20 21 21 21 22 22 22 22 22 23 23 24 24 25 26 27 28 29 29 30 31 31 32 33 34 35 36 37 39 41 45 50 61 78 83 78 84 89 95 95 98 91 93 99 93 97 95 95 88 81 86 86 89 83 74 73 85 77 71 89 90 87 76 76 69 58 54 45 31 24 25 25 21 14 10 8 6 7 7 7 3 2 2 3 4
17 18 18 18 18 18 19 19 20 20 21 21 22 22 22 23 23 23 23 23 24 24 25 25 26 27 27 28 29 30 30 31 32 32 33 34 34 35 37 40 48 61 65 70 81 79 67 76 85 82 82 83 81 88 91 87 90 93 85 87 91 88 87 82 76 79 83 68 84 80 82 83 71 85 76 63 55 50 40 31 27 25 23 18 15 12 11 9 7 4 6 3 3 2 2 2
18 18 18 19 19 19 19 20 20 21 21 22 23 23 23 24 24 24 24 24 25 25 26 26 27 27 28 29 30 30 31 31 32 32 33 33 35 36 38 42 48 56 63 72 72 71 63 65 62 62 68 70 72 74 74 80 86 89 86 86 90 88 87 86 81 78 80 86 90 84 59 60 74 78 72 65 45 43 29 35 33 25 20 16 12 10 8 8 7 4 6 8 4 3 2 2
19 19 19 19 20 20 20 21 21 22 22 23 24 24 25 25 25 25 26 26 26 26 27 27 28 28 29 29 30 31 31 31 32 32 33 34 35 37 40 43 49 55 59 69 69 73 53 48 50 58 66 67 70 74 73 72 76 79 77 82 84 86 87 84 73 67 63 74 70 59 67 66 66 74 58 46 43 42 34 36 33 27 22 14 8 8 6 6 6 5 3 5 4 3 2 1
20 20 20 20 20 21 21 21 22 22 23 24 25 26 26 26 27 27 27 27 27 27 28 28 29 29 30 30 31 31 32 32 32 32 33 34 36 38 40 45 51 50 56 56 54 51 46 44 50 60 63 70 68 60 65 72 71 66 69 72 78 84 87 74 85 74 85 64 52 64 71 69 69 44 44 41 41 36 33 28 22 21 18 12 6 7 7 7 5 4 8 5 4 3 2 1
21 21 21 21 21 21 21 22 22 23 24 25 26 27 28 28 28 28 28 28 28 29 29 29 30 30 30 31 31 32 32 32 32 32 32 33 35 37 40 46 52 49 43 42 43 41 41 43 54 58 58 62 51 54 63 57 58 58 60 62 76 76 74 81 91 87 87 64 68 69 65 49 47 50 58 53 49 41 39 32 26 18 12 8 8 5 5 4 5 5 3 4 3 2 1 1
21 21 21 22 22 22 22 22 23 24 25 26 28 29 29 29 30 30 30 30 30 30 30 30 30 31 31 31 32 32 32 32 32 31 31 31 34 36 38 49 48 39 38 38 37 37 38 43 57 49 63 52 42 49 55 52 57 49 47 62 73 63 84 79 80 87 71 55 58 49 57 56 65 64 61 53 45 37 38 31 25 18 16 11 9 7 6 4 4 5 3 2 2 3 1 1
22 22 22 22 22 23 23 23 23 24 26 28 29 30 31 31 31 31 31 31 31 31 31 31 31 32 32 32 32 33 33 33 32 31 31 30 30 31 39 50 39 35 33 33 34 35 38 44 49 47 52 45 39 42 48 47 47 43 50 64 74 59 76 82 83 75 65 77 75 51 69 57 53 48 43 40 39 27 24 19 19 16 12 12 10 8 6 5 4 5 4 2 2 2 2 1
23 23 23 23 23 23 23 23 24 25 27 29 31 32 32 33 33 33 33 33 32 32 32 32 32 32 32 32 33 33 33 32 32 31 29 28 28 29 32 36 32 30 30 31 31 34 36 41 40 43 41 39 39 40 50 49 40 40 44 47 54 54 63 69 78 67 68 77 64 55 50 62 64 60 51 41 43 32 26 26 26 21 16 14 10 8 7 6 5 5 5 3 2 2 2 2
24 24 24 24 24 24 24 24 24 25 27 30 32 33 33 34 34 34 34 34 34 34 33 33 33 33 33 33 33 33 33 32 32 31 30 28 28 28 29 29 28 28 28 29 30 32 33 39 37 40 38 37 39 40 46 49 38 38 46 61 61 67 73 70 71 66 68 72 58 49 59 66 59 47 38 42 41 36 28 21 19 17 14 13 11 10 8 6 5 5 5 4 2 3 2 2
25 25 25 25 26 26 26 26 26 27 29 31 32 34 34 35 36 36 36 36 36 35 35 34 34 34 33 33 33 33 33 33 32 31 31 30 29 29 29 28 28 28 28 27 28 30 32 36 34 37 35 36 36 36 36 42 38 41 48 62 58 52 47 54 65 63 66 75 61 60 55 52 46 44 46 45 37 29 28 29 28 22 19 16 12 9 9 9 7 6 5 4 3 3 2 2
26 26 26 27 27 27 27 28 28 29 31 32 34 35 36 36 37 37 38 38 37 37 37 36 35 35 34 34 33 33 33 33 33 32 32 31 30 30 29 29 29 28 28 28 29 30 31 34 33 34 35 35 37 39 37 37 38 41 50 57 46 47 51 45 50 56 62 61 60 66 68 58 59 56 47 39 30 37 36 31 24 19 17 13 12 12 11 9 7 5 5 5 3 3 3 2
29 28 28 28 28 29 29 30 30 31 33 34 35 36 37 38 38 39 39 39 39 39 38 38 37 36 35 35 34 34 34 33 33 33 33 32 31 30 30 30 30 30 29 29 30 30 31 31 32 33 34 35 36 39 38 41 41 44 42 46 40 48 55 70 59 48 57 75 68 62 71 64 50 38 41 42 37 32 28 27 16 20 18 15 15 13 11 9 7 6 5 5 5 3 3 2
30 30 29 30 30 31 31 32 32 33 35 36 37 38 38 39 40 40 41 41 41 41 40 40 39 39 37 36 35 34 34 34 35 35 35 34 33 31 31 30 30 30 31 31 32 31 31 31 32 33 36 38 35 36 39 42 40 41 49 57 50 61 68 80 72 55 61 78 70 50 62 48 53 58 53 39 38 30 30 28 23 22 21 17 13 12 10 9 7 6 6 5 5 4 3 3
31 31 32 32 32 33 33 34 34 35 36 38 39 40 40 41 42 43 43 43 43 43 43 42 41 40 39 37 35 34 35 35 36 36 36 35 34 33 33 35 34 33 34 38 42 40 37 38 36 35 35 37 39 36 39 47 44 51 55 57 81 62 79 90 70 60 73 71 60 69 63 66 64 54 37 37 35 30 30 24 18 21 14 14 12 14 13 10 8 7 7 6 5 5 4 3
33 33 34 34 34 35 35 36 36 37 38 40 41 42 42 42 44 45 46 46 45 45 44 44 43 41 39 37 35 34 35 36 36 36 36 35 35 34 34 35 33 32 37 46 46 40 37 36 41 41 37 36 37 38 45 47 52 65 86 71 91 89 95 95 71 82 83 75 72 73 72 67 54 44 32 34 35 38 32 22 16 22 16 12 17 12 12 12 10 8 8 7 6 5 4 4
33 34 35 36 36 36 37 37 39 39 40 42 43 44 44 44 45 46 47 47 47 47 46 45 43 41 40 38 36 38 39 38 37 37 36 35 35 37 36 34 33 33 34 37 40 40 38 37 40 42 41 36 32 39 45 52 86 76 103 81 85 98 102 93 82 91 86 81 79 69 66 64 46 35 38 39 40 35 32 25 18 16 11 17 16 12 11 10 10 10 9 9 7 6 5 4
33 34 35 37 38 39 39 40 41 42 42 43 45 46 46 46 45 47 48 48 47 47 46 46 45 44 43 41 41 40 41 41 40 40 39 37 36 35 34 34 33 33 33 34 37 39 42 46 43 45 47 33 35 41 42 61 79 64 87 102 96 94 100 94 83 86 86 82 75 65 56 54 43 56 47 45 41 37 32 30 27 26 20 14 13 11 15 14 13 11 10 8 7 6 6 5
34 35 36 38 40 41 41 41 42 44 45 46 47 48 48 47 47 47 47 48 48 48 47 46 46 45 45 45 46 45 45 44 42 42 42 39 36 35 34 33 33 34 34 33 35 42 51 45 43 54 46 31 35 45 57 68 89 74 95 107 104 103 98 91 93 86 89 79 75 68 52 51 56 59 54 51 47 43 39 34 30 27 25 23 20 14 12 14 14 13 11 11 9 7 6 5
35 36 38 39 41 41 42 43 45 46 47 47 49 49 50 49 50 49 49 49 49 48 48 48 49 49 50 49 49 47 46 44 42 42 41 39 37 37 38 37 36 33 35 35 37 41 40 40 55 68 48 39 38 51 63 71 82 104 108 107 103 103 101 98 92 91 87 79 74 70 52 61 59 60 55 50 47 42 39 35 28 27 26 23 24 22 20 14 18 16 14 12 12 10 8 7
35 37 39 40 42 43 43 43 45 47 47 48 50 52 52 51 52 52 52 51 50 51 52 52 53 53 53 52 51 49 46 44 44 41 40 39 39 39 43 40 33 36 43 37 45 42 41 45 64 59 42 40 41 49 63 71 85 100 106 97 102 102 98 97 95 91 87 77 75 71 60 61 62 58 54 50 48 42 41 36 30 25 23 23 25 25 23 20 21 19 19 18 14 14 9 7
39 37 38 40 42 44 45 44 46 48 49 50 51 53 53 53 55 54 55 55 53 55 58 58 57 57 56 54 52 50 47 45 43 41 41 41 43 41 34 36 37 43 38 44 41 43 37 44 44 35 47 68 83 89 102 108 109 99 95 104 101 96 97 96 92 88 87 78 71 70 69 67 64 59 58 53 52 46 42 38 38 35 32 28 25 26 26 25 25 23 17 15 19 18 16 8
39 41 40 40 41 42 43 45 47 48 49 51 53 54 55 56 57 56 56 56 54 53 53 54 56 56 55 53 51 49 48 46 44 43 39 39 37 34 35 42 44 39 36 40 42 28 30 29 34 45 77 89 99 100 96 78 78 93 100 104 95 80 88 96 87 83 83 79 74 76 73 78 71 65 62 60 56 53 50 47 45 42 39 38 37 36 30 25 30 29 20 16 15 21 15 17
40 40 40 40 41 42 43 45 48 49 50 52 53 55 56 57 57 58 58 57 54 54 55 55 55 55 56 55 53 50 47 44 43 39 41 40 42 33 32 38 39 42 37 45 39 31 36 42 48 72 78 82 72 66 61 47 57 78 95 95 92 75 69 82 76 71 83 73 73 79 86 88 84 73 74 68 62 63 58 53 49 46 44 41 39 36 32 29 34 28 26 19 19 16 13 18
41 41 40 40 41 41 42 44 47 50 51 53 54 56 56 57 58 58 57 55 53 54 55 54 57 59 58 57 54 51 48 44 41 38 38 40 38 38 37 30 38 42 39 37 39 36 44 42 42 54 55 51 55 69 56 40 46 47 65 88 58 69 46 80 70 63 62 65 77 77 83 86 87 86 83 78 75 71 65 59 54 53 51 47 45 46 45 37 33 35 28 25 23 17 12 11
39 41 41 40 40 41 42 44 46 49 52 54 55 56 57 57 58 58 57 58 54 57 57 60 62 61 60 58 55 52 49 45 42 40 38 36 36 32 33 39 28 29 28 32 39 39 36 36 51 60 57 61 71 79 44 43 58 41 46 60 37 32 50 71 69 53 51 66 60 66 73 84 84 85 85 82 81 78 75 69 64 63 54 56 59 60 60 55 53 45 38 31 25 20 20 13
37 39 41 40 40 40 42 43 45 48 50 52 54 56 56 57 58 59 61 61 61 62 63 63 63 63 61 59 56 53 49 45 42 39 35 33 31 30 30 32 34 29 37 38 38 45 47 55 53 53 65 70 70 61 41 39 49 41 33 31 21 20 30 29 36 42 55 46 50 64 67 69 74 84 82 84 81 83 81 78 76 70 67 67 68 67 68 62 58 57 51 38 24 24 22 25
36 37 39 40 40 40 42 43 44 46 48 50 52 54 54 55 57 60 58 55 57 60 63 63 63 63 62 60 57 54 50 46 43 40 37 35 34 32 32 29 29 30 27 33 31 31 28 32 43 48 56 51 45 48 42 44 53 55 48 43 32 24 19 22 26 30 37 39 44 51 51 54 59 70 76 78 80 83 87 91 87 77 70 74 72 68 71 65 71 53 46 40 29 31 31 28
34 34 35 37 38 40 40 41 43 45 48 49 50 52 52 52 53 53 54 59 62 62 63 64 65 65 63 60 57 54 50 47 43 41 38 35 32 29 28 28 28 25 29 26 27 35 39 35 37 37 44 48 48 45 40 48 66 68 55 50 39 31 25 23 23 25 29 33 37 38 43 47 50 54 61 69 77 77 83 80 84 73 74 78 75 73 68 62 67 84 68 57 42 30 21 31
33 33 33 34 35 36 38 40 42 46 46 47 49 51 52 54 56 58 58 59 61 61 64 65 66 66 64 61 58 54 51 48 45 41 38 36 33 30 28 27 30 31 26 25 32 35 38 35 36 41 40 39 39 38 38 48 70 67 70 78 72 60 51 42 35 38 37 36 32 34 38 42 46 50 53 56 64 66 77 77 84 63 65 73 73 78 78 65 58 73 79 69 51 41 24 31
34 33 32 33 34 35 37 39 42 43 44 46 48 50 52 54 57 58 59 59 60 62 64 65 65 64 63 61 58 55 52 49 46 43 39 37 34 31 33 31 31 29 26 28 35 38 42 39 42 44 42 42 40 36 39 52 65 60 56 54 54 65 72 69 59 49 38 33 31 33 37 43 47 46 49 53 59 63 71 70 71 63 53 68 72 84 73 88 74 60 85 104 59 59 35 24
33 33 31 31 32 33 35 38 38 39 42 44 46 47 49 52 53 56 57 59 61 62 63 63 63 63 62 60 58 55 52 49 46 43 40 39 36 33 32 29 27 27 33 38 34 43 39 40 43 37 37 40 45 42 48 53 52 55 48 48 43 38 45 56 54 52 43 37 35 33 40 41 41 44 46 49 54 60 64 66 63 59 54 51 52 66 81 80 99 84 75 102 92 73 60 45
32 31 30 30 31 31 32 34 35 37 39 41 42 44 46 50 51 52 57 58 57 57 58 59 61 62 61 60 58 55 53 50 47 44 42 41 36 34 32 30 32 37 38 32 37 46 38 40 38 37 36 39 42 43 41 42 52 57 46 34 32 27 34 42 39 38 32 29 29 31 34 33 36 40 44 46 49 54 57 60 62 62 60 56 52 58 83 74 88 101 107 123 106 77 92 58
36 31 29 28 29 30 30 32 33 34 37 38 38 39 40 43 46 49 51 49 51 54 58 58 59 60 60 59 57 55 53 50 48 45 42 42 38 35 33 32 32 35 33 36 36 42 40 44 37 35 35 35 38 37 38 49 44 46 35 25 22 26 24 25 27 30 30 27 26 27 29 30 33 36 39 42 44 47 51 54 57 60 62 60 55 54 65 85 87 94 103 121 94 119 118 96
37 34 29 27 28 28 29 30 31 32 34 35 35 35 38 41 43 43 45 45 48 50 49 52 55 57 59 58 57 54 52 51 48 45 43 41 39 37 36 39 37 35 37 38 35 36 37 33 31 32 33 36 36 37 43 50 43 38 30 26 28 25 24 23 26 26 26 26 26 26 26 29 30 32 35 37 38 42 45 48 51 55 59 62 58 57 60 70 83 102 111 123 127 119 128 99
34 35 29 26 27 26 27 28 28 30 32 32 31 34 36 36 37 42 43 45 42 46 52 53 56 58 58 57 54 51 50 51 48 45 45 43 41 39 39 38 35 38 38 37 33 34 32 30 30 31 35 37 36 39 44 45 44 42 39 31 27 25 23 22 22 22 24 28 29 25 24 25 27 29 31 33 35 37 40 43 45 48 51 56 58 60 64 71 86 98 114 129 135 137 142 141
31 30 27 25 24 24 25 26 26 26 27 28 29 30 30 32 32 33 36 39 40 48 51 55 56 54 55 54 49 50 52 51 47 46 46 45 42 40 39 36 38 43 37 31 34 32 30 29 30 33 34 35 38 41 41 40 38 36 33 32 28 25 22 21 20 20 23 20 19 21 22 24 26 28 29 30 32 33 35 37 39 40 42 48 52 57 63 73 86 100 116 129 139 116 124 123
30 28 26 24 22 22 22 23 24 24 23 25 26 24 25 27 28 31 32 35 37 43 45 51 51 51 51 48 46 49 51 51 48 48 48 46 44 41 41 42 42 42 35 31 32 29 28 29 30 31 33 35 40 39 40 38 42 42 44 39 32 28 22 19 19 18 20 17 17 19 22 22 24 26 28 30 30 31 32 33 34 35 38 41 45 49 55 63 73 88 106 123 139 148 145 155
29 28 27 23 21 20 21 22 22 20 20 21 20 21 23 25 27 29 33 35 38 39 43 45 46 49 46 44 44 48 49 50 47 49 49 48 46 45 46 41 38 35 33 33 30 30 30 30 30 31 33 36 36 35 39 39 43 44 42 37 33 31 22 18 17 17 17 17 16 16 18 23 25 27 25 25 25 26 27 28 29 31 33 36 39 42 47 53 61 71 85 103 118 132 144 150
27 26 27 26 20 18 18 19 18 18 18 19 18 20 22 28 29 28 29 29 33 33 35 39 44 44 41 41 42 44 45 47 51 52 51 50 48 47 45 40 37 35 35 32 32 34 32 31 32 33 34 35 35 34 36 39 40 39 38 33 27 23 18 17 17 18 18 17 15 15 16 18 21 21 20 21 22 23 24 25 26 28 29 32 34 36 40 44 51 58 67 78 91 108 119 136
28 25 22 22 21 18 17 17 17 17 16 17 17 18 20 22 23 23 24 26 27 29 31 35 38 38 38 38 40 42 45 50 53 53 53 51 49 47 44 40 38 35 34 34 35 33 33 34 35 35 36 37 37 35 33 35 36 36 34 30 23 18 15 15 16 16 16 14 14 14 15 16 17 18 19 19 20 20 21 22 23 25 26 28 31 33 35 38 41 47 53 62 72 84 102 117
27 26 21 20 19 17 16 15 15 15 15 16 16 17 18 20 21 22 23 24 25 27 29 31 32 32 34 36 38 41 46 51 54 54 55 54 52 49 46 43 39 36 36 38 37 37 37 37 37 36 36 35 34 36 31 31 31 29 25 24 18 15 14 14 14 13 13 13 13 13 14 14 15 16 17 17 18 18 19 20 21 22 24 26 29 30 31 32 34 37 43 51 60 69 82 96
24 26 21 20 18 15 14 14 14 14 14 15 16 16 18 19 20 21 22 23 24 25 26 27 28 29 31 33 36 42 48 53 54 56 57 56 54 52 49 45 42 40 42 41 40 38 39 38 37 36 34 34 32 33 31 27 26 27 25 28 19 15 14 13 13 12 12 12 12 12 12 13 14 15 15 16 16 16 17 17 18 20 21 24 26 27 28 29 29 32 37 43 49 55 67 82
23 23 20 18 17 15 13 12 12 13 14 14 15 16 17 18 19 20 21 22 23 24 24 25 26 26 28 31 34 40 45 50 54 57 59 58 56 54 52 49 46 45 46 43 41 41 40 39 37 35 34 32 30 30 29 29 24 24 26 28 18 14 13 13 12 12 11 11 11 11 11 12 13 13 14 14 15 15 15 16 16 18 19 21 23 25 26 26 27 29 33 38 42 44 52 70
20 19 18 16 16 14 12 11 11 12 13 14 15 16 17 17 18 19 20 21 22 23 23 24 24 24 26 30 34 38 42 47 52 57 61 58 57 56 54 52 49 48 47 46 45 44 42 40 38 35 33 31 29 28 27 25 23 22 28 29 19 15 13 12 11 11 11 10 10 10 11 11 11 12 13 14 14 14 14 14 15 16 17 19 21 23 24 25 25 28 31 35 37 38 42 50
20 17 16 16 14 13 12 11 10 11 13 14 15 16 17 17 18 19 20 21 21 22 22 23 23 24 26 31 35 38 43 47 51 55 57 57 58 58 57 55 54 52 51 49 48 47 45 42 39 37 33 30 28 28 26 22 19 22 25 24 20 14 12 12 11 11 10 10 10 10 10 10 10 11 12 13 14 15 14 14 13 14 16 18 20 21 22 23 24 26 30 33 35 34 36 40
22 17 15 15 14 12 12 11 10 11 13 15 16 16 17 17 18 18 19 20 21 21 22 22 23 24 27 31 36 39 43 48 51 55 57 58 60 61 60 59 57 56 54 52 51 49 47 44 41 37 34 31 28 26 22 18 19 21 22 21 19 14 12 11 11 10 10 10 9 9 9 9 9 10 11 13 15 15 15 14 13 14 15 17 18 20 21 22 24 25 27 30 32 31 31 36
18 17 15 14 14 12 11 11 11 12 14 16 16 17 17 17 17 18 19 20 21 21 21 22 23 24 27 32 36 39 43 47 51 54 57 58 60 60 62 61 59 57 56 54 53 51 49 45 42 38 33 28 25 25 20 17 20 20 20 17 17 13 12 11 10 10 10 9 9 9 8 8 8 9 10 13 15 17 16 14 14 14 15 16 17 18 20 21 23 23 24 26 27 28 30 34
17 18 17 15 13 12 12 12 12 13 15 17 17 17 18 18 18 19 19 20 20 21 21 22 22 25 28 32 36 39 42 45 49 53 56 58 59 61 63 62 60 58 57 55 54 51 49 44 37 31 28 24 21 19 18 18 19 19 17 16 17 13 12 11 10 10 10 9 9 8 8 8 8 8 9 12 16 17 16 15 14 14 14 15 16 17 18 20 22 21 21 22 25 27 28 31
19 19 19 18 14 13 12 12 13 14 15 16 17 17 18 18 18 19 19 19 20 20 21 21 22 25 28 32 34 37 41 44 48 51 54 56 58 60 63 62 60 57 55 55 54 52 49 45 37 27 21 19 19 18 18 18 17 16 15 15 17 13 11 10 10 10 9 9 9 8 8 7 7 8 9 11 14 15 15 14 14 13 13 14 14 15 16 17 18 18 19 20 23 25 26 28
19 19 19 19 16 13 13 13 14 14 15 16 16 17 17 17 18 18 19 19 19 19 20 21 22 25 28 31 33 36 39 43 46 49 51 53 54 58 61 60 58 55 55 54 53 50 48 44 38 32 26 23 21 19 18 16 16 15 14 14 14 12 11 10 10 9 9 9 8 8 8 7 7 8 9 10 12 13 13 13 13 12 12 12 12 12 13 13 15 16 17 18 20 22 23 24
21 20 19 19 16 14 14 14 14 15 16 16 17 16 16 17 18 18 18 18 19 20 20 21 22 25 28 29 32 35 37 41 44 46 48 49 51 56 58 57 55 54 53 52 50 48 47 44 38 31 25 22 21 19 17 16 15 15 14 14 14 12 11 10 10 9 9 9 9 8 8 7 7 8 8 9 10 11 11 11 11 11 11 11 11 10 10 10 12 14 16 16 17 19 19 20
21 20 20 20 16 14 15 15 15 15 16 16 16 17 16 17 17 17 17 18 19 20 21 21 23 25 27 28 30 33 35 38 41 43 45 46 47 51 54 53 54 52 51 51 46 40 37 37 35 30 25 22 21 19 17 16 15 14 14 13 14 12 11 10 9 9 9 9 9 8 8 7 7 7 8 8 9 9 9 9 9 9 9 9 9 9 8 8 10 12 14 13 14 15 15 18
22 21 20 22 19 15 15 15 16 16 16 16 16 16 16 17 17 17 17 18 19 20 21 22 23 25 26 27 29 31 33 36 39 41 42 43 45 51 51 50 50 49 48 47 39 30 26 24 25 28 25 21 19 18 17 16 15 14 13 13 13 11 10 10 9 9 9 8 8 8 8 7 7 7 7 8 8 8 7 7 7 8 8 8 8 8 7 7 8 10 11 11 12 11 13 16
20 21 21 23 22 18 17 16 16 16 16 16 16 16 16 16 16 16 17 19 20 21 22 23 24 24 25 27 28 30 32 34 37 38 39 40 45 49 47 46 44 44 43 38 33 24 19 19 18 22 22 20 19 19 17 16 15 14 13 13 12 11 11 10 9 9 8 8 8 8 7 7 7 7 7 7 7 7 6 5 6 6 7 7 7 6 6 7 8 9 11 12 12 8 10 13
21 23 23 23 25 23 20 17 17 16 16 16 16 16 16 16 16 17 18 19 22 22 23 24 24 25 26 27 28 28 30 32 34 36 37 38 44 45 43 44 41 41 39 32 20 19 16 15 15 16 19 19 19 18 17 16 15 14 13 13 12 12 11 10 9 8 8 8 7 7 7 7 6 7 7 7 7 6 6 5 5 6 6 5 5 5 5 6 8 10 12 14 13 10 10 13
