markdown_presentation/Maxent_Alex/sdm_pakistan_maxent/Env_layers/prec_worldclim_07.asc
NCOLS 120 
NROWS 120 
XLLCORNER 60 
YLLCORNER 20 
CELLSIZE 0.166666666666667 
NODATA_value -32768 
[rows 55 to 109 of 120, columns 0 to 95 of 120]
1 1 1 1 0 0 0 0 0 0 0 0 0 0 0 0 0 0 0 0 0 0 0 0 0 0 0 1 1 1 1 2 2 3 4 5 6 8 9 11 14 17 19 20 20 24 28 30 31 31 30 31 36 41 48 55 63 69 75 78 84 69 59 49 48 48 48 47 47 46 44 42 42 49 56 70 87 96 94 88 84 83 84 86 91 98 110 128 138 136 140 148 159 172 186 197
1 1 1 1 0 0 0 0 0 0 0 0 0 0 0 0 0 0 0 0 0 0 0 0 0 0 1 1 1 1 1 2 2 3 4 5 6 8 9 13 16 20 21 21 22 24 27 30 33 34 34 34 37 43 51 59 67 74 79 82 84 68 60 48 46 46 46 47 47 47 46 45 46 49 56 66 77 84 85 82 80 80 83 87 90 93 103 114 120 125 133 143 156 172 187 196
1 1 1 1 0 0 0 0 0 0 0 0 0 0 0 0 0 0 0 0 0 0 0 0 0 1 1 1 1 1 2 2 2 3 4 5 6 8 10 13 17 21 20 21 24 27 29 32 35 37 36 36 41 50 57 65 73 80 86 89 89 76 61 47 44 44 45 47 48 49 49 49 49 50 55 62 69 75 77 76 74 76 81 87 88 89 98 108 115 120 126 137 151 171 185 197
1 1 1 1 0 0 0 0 0 0 0 0 0 0 0 0 0 0 0 0 0 1 1 1 1 1 1 1 1 1 2 2 2 3 4 5 6 8 10 12 14 18 18 22 26 36 42 41 39 41 44 46 48 56 64 71 79 87 92 96 97 73 58 43 41 42 44 46 49 50 51 52 50 50 53 58 64 70 73 73 71 73 77 80 80 82 93 106 113 117 120 128 139 151 165 181
2 1 1 2 1 0 0 0 0 0 0 0 0 0 0 0 0 0 0 1 1 1 1 1 1 1 1 1 1 1 2 2 2 3 4 5 6 7 9 10 12 13 16 20 30 48 59 69 61 49 50 58 61 64 69 76 86 92 100 101 96 69 51 42 40 42 44 46 48 49 49 48 47 46 49 55 61 66 71 73 73 72 73 74 74 78 89 102 110 114 114 123 132 132 143 171
1 2 1 2 2 1 0 0 0 0 0 0 0 0 0 0 1 1 1 1 1 1 1 1 1 1 1 1 1 2 2 2 3 3 4 4 6 7 8 9 10 11 14 24 35 49 53 60 62 62 59 62 63 65 71 79 89 101 107 105 88 61 51 45 43 44 45 46 47 48 47 45 42 42 46 52 58 64 69 73 73 72 70 69 71 76 85 95 103 109 112 125 134 124 134 151
2 2 2 2 3 2 1 0 0 0 0 0 0 1 1 1 1 1 1 1 2 2 2 2 2 2 2 2 2 2 2 2 3 3 4 4 6 7 8 9 9 12 14 26 40 46 46 46 51 53 60 61 63 67 73 80 88 97 101 102 69 59 55 51 48 46 46 46 47 47 46 43 40 38 44 50 57 62 66 69 70 67 65 66 68 73 81 89 97 104 112 124 128 122 119 120
3 3 3 3 3 3 3 2 1 1 1 1 1 1 1 1 1 1 2 2 3 3 3 3 3 3 3 2 2 2 2 3 3 4 4 5 6 8 9 10 11 15 16 28 38 38 38 39 40 45 54 59 62 65 69 77 83 85 92 87 63 61 60 58 53 49 46 46 47 47 46 44 41 41 46 52 57 60 62 63 63 61 61 63 66 71 78 86 93 99 107 119 126 123 118 118
3 3 3 5 4 3 3 4 3 1 1 1 1 1 1 2 2 2 2 3 3 4 4 4 4 4 3 2 2 2 3 3 4 4 5 6 7 10 11 12 15 18 19 25 35 35 35 35 35 38 43 50 57 60 64 71 73 77 80 75 62 63 67 64 56 49 46 46 47 48 48 46 45 46 50 55 59 61 59 57 57 56 57 61 65 71 78 86 92 96 101 111 122 126 127 127
2 3 3 4 4 5 4 3 4 2 2 2 2 2 2 3 4 3 2 3 3 3 4 4 4 3 3 3 3 3 4 4 5 5 6 7 10 12 14 16 18 21 23 27 35 33 32 32 31 31 39 46 52 54 60 65 67 70 70 62 57 61 68 66 56 49 46 46 47 48 48 48 48 50 53 58 64 63 57 53 54 54 56 61 66 72 78 86 94 95 94 100 114 129 137 130
3 2 3 4 5 6 5 2 3 2 2 2 2 2 3 3 4 3 3 3 3 3 3 4 4 4 4 4 4 4 4 5 6 7 8 10 12 16 17 20 25 25 27 31 34 32 31 29 27 26 28 31 34 40 50 55 56 58 62 48 49 53 57 56 51 47 45 45 46 47 48 49 50 52 55 60 65 64 57 53 54 56 59 64 68 73 79 86 91 91 88 92 110 127 137 127
2 3 3 4 6 6 5 3 3 2 2 2 2 2 3 3 3 3 3 3 3 3 4 4 4 4 4 5 5 6 7 7 8 8 10 13 16 19 21 25 30 28 30 33 34 32 29 26 24 22 21 25 37 38 43 41 41 44 41 39 41 43 45 46 44 43 43 44 45 46 48 49 51 53 56 59 62 61 58 57 58 60 64 67 71 75 80 86 90 90 91 97 109 122 128 126
2 3 3 4 6 8 7 5 4 3 2 2 2 2 3 3 3 3 3 3 3 4 4 4 5 5 6 6 7 8 9 9 9 10 12 16 20 22 24 29 29 31 32 35 34 32 29 25 21 18 15 16 19 22 26 29 34 35 33 32 33 34 36 37 38 39 41 42 44 46 47 49 51 53 56 58 59 59 59 59 61 65 69 72 75 78 83 88 92 93 96 104 114 121 124 126
1 3 3 4 5 8 12 7 5 4 2 2 3 3 3 3 3 3 3 4 4 4 5 5 6 8 8 8 8 9 9 9 10 12 14 18 22 24 29 32 31 34 35 36 35 32 27 22 18 13 10 9 12 16 20 24 27 28 29 28 27 28 30 31 33 36 39 41 43 45 47 49 51 53 55 57 58 59 60 61 63 69 74 76 79 82 85 92 98 101 104 112 119 122 123 126
1 2 3 4 4 5 6 5 5 7 4 3 3 3 3 3 3 3 4 4 4 5 5 6 7 7 8 8 8 9 10 11 12 14 16 21 24 27 31 31 33 36 37 36 34 30 25 20 15 10 6 5 9 13 17 21 24 26 27 26 24 25 27 30 32 35 38 40 43 45 47 49 51 53 55 57 58 59 61 61 62 68 76 80 83 87 91 100 113 117 115 120 126 127 123 128
2 2 3 4 4 5 5 5 5 8 7 5 4 4 4 4 4 4 4 5 5 6 6 7 7 8 8 9 10 10 11 12 14 16 19 22 25 28 31 33 36 38 39 38 31 28 24 19 14 9 5 5 9 14 18 22 25 27 29 28 27 26 28 30 32 35 38 40 43 45 48 50 52 54 56 57 59 60 62 63 63 67 76 83 88 95 103 114 129 141 129 133 136 136 132 135
5 2 5 5 4 4 5 5 5 8 11 7 7 6 5 4 5 5 5 6 6 7 7 8 8 9 10 10 11 12 13 14 16 19 21 24 26 28 32 35 39 40 40 39 32 27 23 19 15 11 9 10 13 17 21 24 27 30 31 32 30 29 29 31 33 36 38 41 43 46 48 51 54 56 57 59 59 60 63 68 71 74 80 88 95 104 115 128 139 146 147 148 149 147 151 149
3 2 4 5 4 5 5 6 7 7 8 9 10 8 7 6 6 6 6 7 7 8 9 9 10 11 11 12 13 14 15 16 19 21 22 24 26 28 32 37 38 41 42 40 37 27 24 21 17 15 15 17 20 23 26 28 30 32 33 34 32 31 31 32 35 37 40 42 44 47 50 53 56 58 60 61 61 61 60 65 73 80 87 95 103 112 123 136 149 161 163 158 155 156 165 160
1 1 2 3 4 4 6 8 6 7 7 8 12 10 9 7 7 7 8 8 9 9 10 11 11 12 13 14 15 16 18 19 22 22 23 24 25 28 31 36 40 41 42 42 37 28 26 23 21 20 21 24 28 31 31 32 33 34 34 34 33 32 33 34 37 39 42 44 46 48 51 54 58 62 64 65 65 64 61 63 75 86 93 101 109 119 129 141 154 168 169 162 160 164 164 171
1 1 2 2 3 4 5 8 8 7 7 9 9 11 10 9 9 9 10 10 11 11 12 13 13 14 16 17 18 20 22 22 24 23 24 24 26 26 27 32 37 39 42 43 34 30 28 27 25 24 27 31 36 38 37 36 36 36 35 35 34 33 33 35 39 42 44 46 48 50 52 57 62 66 69 71 70 69 69 73 83 92 99 106 114 123 131 140 151 160 161 161 168 165 174 173
1 1 1 2 2 3 6 7 9 7 7 8 10 10 11 12 11 12 13 13 13 14 15 15 16 17 19 21 23 23 23 25 25 26 25 25 26 25 25 29 35 39 42 42 35 33 32 31 30 30 33 37 42 44 41 40 39 38 37 36 35 34 34 37 43 46 49 51 51 52 55 60 66 73 76 77 77 76 78 82 90 96 103 110 117 124 130 138 146 153 159 159 163 171 178 178
1 1 1 1 1 2 4 7 8 10 9 9 9 10 11 13 14 16 17 16 15 17 18 19 20 21 23 23 24 25 26 26 26 28 27 27 28 26 26 28 34 39 43 42 37 36 36 36 36 37 39 42 45 46 44 43 41 40 38 37 36 37 39 44 51 54 55 54 54 54 56 61 70 80 85 85 84 84 86 90 96 101 108 115 121 127 131 136 142 150 155 154 162 170 181 185
1 1 1 1 2 3 6 8 9 8 9 9 10 11 12 12 14 15 16 16 17 18 19 21 22 23 24 25 26 27 27 27 29 29 30 30 29 29 31 33 37 41 44 44 39 39 40 41 43 44 45 46 48 48 47 45 44 42 40 39 38 39 42 49 57 63 63 59 56 54 55 59 69 83 91 90 90 90 93 97 103 109 116 122 126 132 133 134 140 146 151 154 162 172 185 190
2 2 3 3 4 6 8 8 9 10 11 11 12 13 14 15 16 17 18 18 19 20 21 22 23 25 26 27 28 29 29 30 31 32 33 33 34 34 36 38 41 44 47 45 42 42 43 45 49 50 50 50 50 50 49 48 46 44 42 41 40 40 43 51 63 77 70 62 58 55 53 55 65 78 87 91 93 95 98 104 110 117 124 128 131 134 134 136 141 143 149 156 163 174 190 191
3 4 5 7 8 8 7 7 8 9 10 10 10 12 15 16 17 18 20 21 21 22 23 24 25 27 29 30 31 31 32 33 33 35 37 37 39 39 43 42 45 48 50 48 44 44 45 47 51 54 53 53 53 52 52 50 49 47 45 44 43 43 45 52 65 73 69 63 60 59 56 57 65 75 84 90 94 99 103 111 117 123 131 134 135 136 140 146 148 146 150 156 160 170 191 201
5 7 7 6 5 7 8 7 9 9 9 10 10 10 12 14 16 19 21 22 23 24 25 26 27 29 30 31 32 33 33 34 36 38 40 43 44 47 50 49 50 52 53 51 47 46 47 47 50 52 53 54 54 54 54 53 52 50 48 46 45 46 48 53 61 65 63 60 61 61 60 60 66 74 83 90 96 103 109 116 123 130 133 137 139 139 150 178 167 149 145 153 160 170 200 226
4 4 5 5 5 6 6 5 7 7 7 8 9 10 14 16 17 19 21 22 24 25 25 26 28 28 30 33 35 34 34 36 38 41 44 47 49 54 56 54 55 56 56 56 52 49 48 48 50 51 53 54 56 57 57 57 55 53 51 50 49 49 50 54 58 60 60 60 62 62 62 63 67 74 83 90 100 111 118 123 128 132 136 137 139 145 153 207 179 138 139 153 165 181 207 233
3 3 4 4 4 5 5 5 5 5 6 6 7 9 12 15 18 20 22 24 24 25 26 27 28 30 32 32 32 34 37 38 40 43 47 51 54 60 61 60 60 60 58 58 58 56 52 52 51 51 52 55 58 60 61 60 59 57 55 53 52 52 53 55 58 61 63 63 64 65 65 66 69 74 80 90 102 117 125 129 133 137 137 135 143 156 161 165 141 134 147 162 176 190 210 233
2 3 3 4 5 5 5 5 5 4 5 5 6 8 11 14 17 21 24 25 25 27 28 28 29 29 30 32 34 36 37 39 42 47 49 54 57 61 62 62 63 63 62 62 63 63 58 57 53 53 55 58 62 65 66 65 63 60 58 56 55 55 56 58 60 64 67 67 68 70 70 70 71 74 81 92 105 118 128 135 137 138 138 140 148 165 163 145 139 140 160 178 194 200 211 232
2 3 3 3 4 3 4 4 4 4 5 6 7 9 11 13 17 21 24 25 26 27 28 29 32 32 32 33 34 36 37 39 43 45 50 55 58 59 60 60 62 66 62 62 64 66 63 60 56 56 58 62 67 71 72 71 67 64 61 59 59 59 60 61 62 65 69 73 74 75 75 74 72 75 84 95 108 121 134 142 142 137 137 142 150 157 146 133 148 156 166 186 209 210 218 232
3 3 3 4 4 4 4 4 4 5 6 6 7 8 11 13 16 20 22 23 23 23 24 27 29 28 30 32 34 35 37 39 42 48 51 54 57 57 57 58 60 65 68 65 68 68 65 64 60 59 61 66 72 79 81 78 72 66 63 62 63 64 64 65 65 65 70 78 82 82 81 80 80 83 92 101 113 126 141 151 148 138 138 148 160 157 151 148 162 171 167 185 233 236 233 236
2 3 3 4 4 4 4 4 4 5 6 6 8 10 12 14 16 18 20 20 19 20 22 24 25 25 27 32 34 35 38 43 46 47 51 53 55 54 54 53 56 63 71 68 72 71 70 66 63 61 62 68 77 87 92 85 76 67 64 65 67 70 71 70 69 67 67 76 82 86 88 88 91 102 115 109 118 135 149 160 160 153 147 153 159 164 164 167 183 196 194 222 258 261 257 247
2 2 3 4 4 4 4 4 5 5 6 7 8 10 12 14 15 16 17 17 17 18 19 20 22 23 25 28 30 33 38 42 43 45 48 50 52 53 52 50 54 65 70 72 76 76 73 69 66 63 63 71 80 90 95 91 79 66 61 67 74 78 80 78 76 74 71 77 85 90 95 98 104 115 121 121 122 142 163 177 182 180 168 160 162 172 176 182 197 210 218 241 267 273 267 260
-32768 -32768 3 4 4 4 4 5 5 6 7 8 9 10 11 13 14 15 16 16 15 15 -32768 -32768 22 24 26 28 29 33 39 43 -32768 -32768 -32768 -32768 -32768 -32768 -32768 53 62 72 74 79 81 80 79 76 72 69 70 75 83 90 94 94 83 71 66 73 83 91 91 89 86 83 83 86 93 99 105 111 116 122 128 134 139 164 185 199 203 196 179 164 171 184 192 194 203 211 223 251 275 274 267 269
-32768 -32768 -32768 -32768 -32768 -32768 -32768 5 5 -32768 8 8 9 11 11 -32768 -32768 -32768 -32768 -32768 -32768 -32768 -32768 20 -32768 -32768 -32768 29 -32768 -32768 -32768 -32768 -32768 -32768 -32768 -32768 -32768 -32768 -32768 -32768 75 80 81 82 84 86 84 82 80 78 78 81 85 88 91 91 86 79 79 84 94 103 102 100 97 95 96 99 105 112 119 126 132 139 149 157 170 197 211 216 222 226 178 169 184 202 209 205 209 218 227 263 291 304 289 264
-32768 -32768 -32768 -32768 -32768 -32768 -32768 -32768 -32768 -32768 -32768 -32768 -32768 -32768 -32768 -32768 -32768 -32768 -32768 -32768 -32768 -32768 -32768 -32768 -32768 -32768 -32768 -32768 -32768 -32768 -32768 -32768 -32768 -32768 -32768 -32768 -32768 -32768 -32768 76 83 89 84 84 86 89 89 89 88 86 86 87 88 87 87 88 88 88 90 95 102 108 110 109 108 107 108 111 117 126 136 144 154 162 184 192 210 237 237 242 249 213 164 159 183 209 220 225 235 240 241 261 293 313 307 279
-32768 -32768 -32768 -32768 -32768 -32768 -32768 -32768 -32768 -32768 -32768 -32768 -32768 -32768 -32768 -32768 -32768 -32768 -32768 -32768 -32768 -32768 -32768 -32768 -32768 -32768 -32768 -32768 -32768 -32768 -32768 -32768 -32768 -32768 -32768 -32768 -32768 -32768 -32768 79 80 80 79 83 87 91 94 97 96 94 92 92 91 83 82 87 92 97 100 104 109 113 116 117 117 118 119 122 129 141 155 165 176 188 222 219 267 274 277 281 284 237 183 159 180 212 226 238 254 266 271 283 297 305 301 276
-32768 -32768 -32768 -32768 -32768 -32768 -32768 -32768 -32768 -32768 -32768 -32768 -32768 -32768 -32768 -32768 -32768 -32768 -32768 -32768 -32768 -32768 -32768 -32768 -32768 -32768 -32768 -32768 -32768 -32768 -32768 -32768 -32768 -32768 -32768 -32768 -32768 -32768 -32768 -32768 -32768 -32768 -32768 87 91 96 100 103 103 100 97 94 90 75 79 88 98 105 109 112 115 118 121 123 126 127 129 132 140 153 168 179 190 203 211 230 380 293 307 305 282 259 202 180 201 236 246 253 267 281 297 305 303 291 285 266
-32768 -32768 -32768 -32768 -32768 -32768 -32768 -32768 -32768 -32768 -32768 -32768 -32768 -32768 -32768 -32768 -32768 -32768 -32768 -32768 -32768 -32768 -32768 -32768 -32768 -32768 -32768 -32768 -32768 -32768 -32768 -32768 -32768 -32768 -32768 -32768 -32768 -32768 -32768 -32768 -32768 -32768 -32768 92 96 101 105 108 108 105 102 96 88 79 84 95 105 113 116 117 119 122 125 130 138 139 141 143 147 163 175 186 202 218 243 271 307 349 317 321 292 276 212 192 211 251 260 263 278 291 302 298 290 280 267 265
-32768 -32768 -32768 -32768 -32768 -32768 -32768 -32768 -32768 -32768 -32768 -32768 -32768 -32768 -32768 -32768 -32768 -32768 -32768 -32768 -32768 -32768 -32768 -32768 -32768 -32768 -32768 -32768 -32768 -32768 -32768 -32768 -32768 -32768 -32768 -32768 -32768 -32768 -32768 -32768 -32768 -32768 -32768 97 101 106 110 113 113 111 108 103 97 94 97 104 112 118 120 121 122 125 129 136 144 147 152 156 161 171 175 186 209 232 260 304 350 347 323 335 322 278 217 188 209 249 257 268 282 294 296 292 285 284 279 284
-32768 -32768 -32768 -32768 -32768 -32768 -32768 -32768 -32768 -32768 -32768 -32768 -32768 -32768 -32768 -32768 -32768 -32768 -32768 -32768 -32768 -32768 -32768 -32768 -32768 -32768 -32768 -32768 -32768 -32768 -32768 -32768 -32768 -32768 -32768 -32768 -32768 -32768 -32768 -32768 -32768 -32768 -32768 -32768 106 111 115 119 119 117 115 112 110 109 111 115 121 125 125 124 124 127 132 139 147 155 163 169 176 186 185 189 212 234 260 290 324 327 326 345 307 251 210 184 194 230 239 268 292 294 289 287 282 280 293 303
-32768 -32768 -32768 -32768 -32768 -32768 -32768 -32768 -32768 -32768 -32768 -32768 -32768 -32768 -32768 -32768 -32768 -32768 -32768 -32768 -32768 -32768 -32768 -32768 -32768 -32768 -32768 -32768 -32768 -32768 -32768 -32768 -32768 -32768 -32768 -32768 -32768 -32768 -32768 -32768 -32768 -32768 -32768 -32768 110 115 119 122 123 123 123 123 123 124 125 127 129 131 131 125 123 130 136 143 154 164 174 182 185 192 200 203 219 228 237 259 290 311 324 334 313 266 218 188 190 219 252 282 295 292 284 280 274 272 305 316
-32768 -32768 -32768 -32768 -32768 -32768 -32768 -32768 -32768 -32768 -32768 -32768 -32768 -32768 -32768 -32768 -32768 -32768 -32768 -32768 -32768 -32768 -32768 -32768 -32768 -32768 -32768 -32768 -32768 -32768 -32768 -32768 -32768 -32768 -32768 -32768 -32768 -32768 -32768 -32768 -32768 -32768 -32768 -32768 -32768 119 121 126 128 130 130 133 137 140 140 139 134 128 119 114 121 129 137 146 158 170 183 191 189 188 195 207 220 230 238 252 271 294 311 312 312 300 264 224 224 250 284 296 304 293 275 268 272 277 295 301
-32768 -32768 -32768 -32768 -32768 -32768 -32768 -32768 -32768 -32768 -32768 -32768 -32768 -32768 -32768 -32768 -32768 -32768 -32768 -32768 -32768 -32768 -32768 -32768 -32768 -32768 -32768 -32768 -32768 -32768 -32768 -32768 -32768 -32768 -32768 -32768 -32768 -32768 -32768 -32768 -32768 -32768 -32768 -32768 -32768 -32768 -32768 -32768 -32768 135 138 143 149 155 156 154 142 119 96 105 122 134 145 154 168 179 188 194 196 196 201 210 221 239 253 261 267 281 302 312 311 298 274 247 250 288 329 319 315 300 272 269 276 284 290 287
-32768 -32768 -32768 -32768 -32768 -32768 -32768 -32768 -32768 -32768 -32768 -32768 -32768 -32768 -32768 -32768 -32768 -32768 -32768 -32768 -32768 -32768 -32768 -32768 -32768 -32768 -32768 -32768 -32768 -32768 -32768 -32768 -32768 -32768 -32768 -32768 -32768 -32768 -32768 -32768 -32768 -32768 -32768 -32768 -32768 -32768 -32768 -32768 -32768 -32768 144 149 155 161 170 172 159 134 116 123 138 148 158 170 177 184 193 200 204 206 209 218 234 258 274 275 270 273 296 310 304 296 289 270 265 299 322 310 316 307 291 284 282 283 284 279
-32768 -32768 -32768 -32768 -32768 -32768 -32768 -32768 -32768 -32768 -32768 -32768 -32768 -32768 -32768 -32768 -32768 -32768 -32768 -32768 -32768 -32768 -32768 -32768 -32768 -32768 -32768 -32768 -32768 -32768 -32768 -32768 -32768 -32768 -32768 -32768 -32768 -32768 -32768 -32768 -32768 -32768 -32768 -32768 -32768 -32768 -32768 -32768 -32768 -32768 -32768 154 158 165 174 179 172 160 148 156 168 168 167 174 181 191 201 208 212 211 207 214 236 265 285 288 282 288 306 314 300 293 305 315 311 311 326 315 303 301 299 293 283 278 274 276
-32768 -32768 -32768 -32768 -32768 -32768 -32768 -32768 -32768 -32768 -32768 -32768 -32768 -32768 -32768 -32768 -32768 -32768 -32768 -32768 -32768 -32768 -32768 -32768 -32768 -32768 -32768 -32768 -32768 -32768 -32768 -32768 -32768 -32768 -32768 -32768 -32768 -32768 -32768 -32768 -32768 -32768 -32768 -32768 -32768 -32768 -32768 -32768 -32768 -32768 -32768 157 161 166 172 176 174 170 167 175 184 179 176 181 190 202 212 218 222 210 188 198 229 253 266 278 290 307 320 326 315 310 320 327 326 317 311 298 294 293 291 289 281 275 276 291
-32768 -32768 -32768 -32768 -32768 -32768 -32768 -32768 -32768 -32768 -32768 -32768 -32768 -32768 -32768 -32768 -32768 -32768 -32768 -32768 -32768 -32768 -32768 -32768 -32768 -32768 -32768 -32768 -32768 -32768 -32768 -32768 -32768 -32768 -32768 -32768 -32768 -32768 -32768 -32768 -32768 -32768 -32768 -32768 -32768 -32768 -32768 -32768 -32768 -32768 -32768 -32768 -32768 167 169 170 170 169 170 176 182 181 180 187 201 216 224 226 223 205 188 198 229 258 261 276 307 330 325 326 322 315 318 309 301 284 271 267 279 288 288 288 281 277 283 301
-32768 -32768 -32768 -32768 -32768 -32768 -32768 -32768 -32768 -32768 -32768 -32768 -32768 -32768 -32768 -32768 -32768 -32768 -32768 -32768 -32768 -32768 -32768 -32768 -32768 -32768 -32768 -32768 -32768 -32768 -32768 -32768 -32768 -32768 -32768 -32768 -32768 -32768 -32768 -32768 -32768 -32768 -32768 -32768 -32768 -32768 -32768 -32768 -32768 -32768 -32768 -32768 -32768 -32768 -32768 168 170 171 172 -32768 -32768 175 183 193 214 234 238 230 214 189 187 203 231 263 263 289 333 365 338 316 319 329 330 311 290 267 256 252 271 284 289 291 286 284 293 307
-32768 -32768 -32768 -32768 -32768 -32768 -32768 -32768 -32768 -32768 -32768 -32768 -32768 -32768 -32768 -32768 -32768 -32768 -32768 -32768 -32768 -32768 -32768 -32768 -32768 -32768 -32768 -32768 -32768 -32768 -32768 -32768 -32768 -32768 -32768 -32768 -32768 -32768 -32768 -32768 -32768 -32768 -32768 -32768 -32768 -32768 -32768 -32768 -32768 -32768 -32768 -32768 -32768 -32768 -32768 182 183 -32768 -32768 205 203 198 204 199 230 256 251 238 216 195 195 209 228 244 257 294 339 358 322 304 320 342 355 339 312 286 267 259 265 276 285 290 294 297 303 308
-32768 -32768 -32768 -32768 -32768 -32768 -32768 -32768 -32768 -32768 -32768 -32768 -32768 -32768 -32768 -32768 -32768 -32768 -32768 -32768 -32768 -32768 -32768 -32768 -32768 -32768 -32768 -32768 -32768 -32768 -32768 -32768 -32768 -32768 -32768 -32768 -32768 -32768 -32768 -32768 -32768 -32768 -32768 -32768 -32768 -32768 -32768 -32768 -32768 -32768 -32768 -32768 -32768 174 175 182 205 210 223 226 219 207 201 210 242 268 265 246 225 210 208 216 226 236 253 281 314 320 316 319 338 368 388 377 341 300 271 254 247 250 257 269 287 296 304 278
-32768 -32768 -32768 -32768 -32768 -32768 -32768 -32768 -32768 -32768 -32768 -32768 -32768 -32768 -32768 -32768 -32768 -32768 -32768 -32768 -32768 -32768 -32768 -32768 -32768 -32768 -32768 -32768 -32768 -32768 -32768 -32768 -32768 -32768 -32768 -32768 -32768 -32768 -32768 -32768 -32768 -32768 -32768 -32768 -32768 -32768 -32768 -32768 -32768 -32768 -32768 -32768 -32768 178 183 194 206 226 246 258 247 213 190 215 251 275 266 249 229 222 222 218 220 227 245 268 298 319 346 350 359 371 390 391 354 305 270 247 233 230 238 235 241 248 248 244
-32768 -32768 -32768 -32768 -32768 -32768 -32768 -32768 -32768 -32768 -32768 -32768 -32768 -32768 -32768 -32768 -32768 -32768 -32768 -32768 -32768 -32768 -32768 -32768 -32768 -32768 -32768 -32768 -32768 -32768 -32768 -32768 -32768 -32768 -32768 -32768 -32768 -32768 -32768 -32768 -32768 -32768 -32768 -32768 -32768 -32768 -32768 -32768 -32768 -32768 -32768 -32768 -32768 -32768 195 205 219 241 261 271 260 233 215 230 254 263 254 239 222 217 217 211 213 219 236 268 300 321 349 373 388 378 375 374 341 299 263 238 218 208 209 210 217 225 231 240
-32768 -32768 -32768 -32768 -32768 -32768 -32768 -32768 -32768 -32768 -32768 -32768 -32768 -32768 -32768 -32768 -32768 -32768 -32768 -32768 -32768 -32768 -32768 -32768 -32768 -32768 -32768 -32768 -32768 -32768 -32768 -32768 -32768 -32768 -32768 -32768 -32768 -32768 -32768 -32768 -32768 -32768 -32768 -32768 -32768 -32768 -32768 -32768 -32768 -32768 -32768 -32768 -32768 -32768 -32768 221 236 255 271 272 267 257 249 249 253 248 233 216 200 196 197 200 209 212 -32768 260 300 315 342 383 410 401 385 372 329 284 268 250 211 199 190 195 201 204 216 237
-32768 -32768 -32768 -32768 -32768 -32768 -32768 -32768 -32768 -32768 -32768 -32768 -32768 -32768 -32768 -32768 -32768 -32768 -32768 -32768 -32768 -32768 -32768 -32768 -32768 -32768 -32768 -32768 -32768 -32768 -32768 -32768 -32768 -32768 -32768 -32768 -32768 -32768 -32768 -32768 -32768 -32768 -32768 -32768 -32768 -32768 -32768 -32768 -32768 -32768 -32768 -32768 -32768 -32768 -32768 -32768 254 276 298 294 293 288 283 275 257 239 221 205 189 184 193 205 216 211 -32768 248 284 302 331 393 450 456 435 395 344 283 250 229 219 215 212 211 211 197 211 230
