markdown_presentation/Maxent_Alex/sdm_pakistan_maxent/Env_layers/tmean_worldclim_01.asc
NCOLS 120 
NROWS 120 
XLLCORNER 60 
YLLCORNER 20 
CELLSIZE 0.166666666666667 
NODATA_value -32768 
[rows 44 to 87 of 120, columns 0 to 95 of 120]
37 43 43 69 82 84 76 61 64 72 71 69 72 71 67 62 53 44 27 19 4 4 -16 -23 -23 -38 -8 13 26 5 -3 5 39 15 23 17 -17 -69 -116 -84 -74 -72 -65 -79 -69 -71 -73 -64 -57 -51 -48 -51 -41 -22 -32 -21 -40 -35 -6 30 56 67 102 116 119 118 117 117 119 117 114 100 95 94 103 110 116 117 119 120 122 122 122 123 124 123 123 124 127 128 124 118 112 105 93 92
41 46 39 41 73 85 81 74 78 75 75 70 74 71 64 34 34 44 45 45 29 31 26 10 -16 -4 19 33 39 40 42 39 3 8 8 -16 -45 -71 -74 -49 -45 -51 -70 -57 -61 -76 -64 -56 -52 -52 -49 -44 -32 -7 -11 -22 -13 10 23 56 83 98 115 117 115 109 106 112 119 118 118 114 107 114 120 120 119 119 120 120 121 122 122 123 123 122 121 121 124 126 125 124 121 117 116 108
28 44 63 56 61 80 83 83 78 79 78 77 77 74 71 63 65 67 65 60 56 52 43 28 19 28 35 44 50 51 44 23 -6 -14 -19 -17 -26 -17 -23 -21 -37 -43 -43 -51 -63 -55 -55 -57 -58 -55 -51 -51 -39 -13 16 12 27 50 53 70 91 111 118 120 115 112 111 120 119 119 119 120 120 121 121 119 118 119 120 120 121 122 122 123 123 121 121 121 123 124 124 124 123 122 119 117
31 32 63 66 69 79 84 87 85 83 80 79 79 77 74 71 72 70 68 66 62 55 50 44 46 50 53 54 56 57 42 28 7 12 14 18 12 6 -13 -24 -24 -29 -40 -56 -51 -54 -59 -60 -56 -46 -43 -32 -21 -25 25 42 53 66 81 84 107 117 120 121 120 121 121 120 120 120 120 120 120 121 120 118 118 118 119 120 120 122 121 122 122 121 121 121 122 122 123 123 123 123 123 120
42 28 57 57 66 80 87 90 87 84 82 80 80 79 77 75 73 72 71 70 67 61 60 59 60 61 62 63 64 50 36 12 18 30 34 40 35 14 6 2 -12 -25 -44 -47 -50 -41 -46 -47 -42 -35 -25 -20 -6 -7 13 50 65 65 73 58 100 117 120 121 121 121 121 121 120 120 120 120 120 121 120 118 118 118 119 120 120 121 121 122 121 122 121 120 120 120 121 122 123 124 123 121
45 43 56 64 68 75 85 92 89 87 83 82 80 78 78 77 76 75 74 72 68 66 66 66 67 69 71 70 69 62 54 46 42 47 49 46 40 32 17 6 4 -22 -44 -35 -25 -36 -32 -30 -25 -21 -15 -7 4 5 20 24 60 64 52 41 96 115 120 121 121 121 121 121 121 121 121 120 120 121 120 119 119 118 118 120 120 121 121 121 122 122 121 120 119 119 120 121 122 125 125 121
58 60 68 74 71 76 87 93 91 89 86 82 80 80 79 79 79 76 73 70 69 69 69 70 73 75 76 71 72 71 67 64 64 62 59 59 51 42 37 28 14 -7 -16 -18 -22 -24 -22 -17 -15 -10 -5 2 12 15 18 32 49 58 26 22 83 108 120 122 122 122 122 122 122 122 122 121 122 122 121 120 120 119 118 120 120 121 121 122 122 123 121 120 118 118 120 121 123 125 126 125
59 72 73 70 79 80 86 93 92 89 86 83 81 80 80 80 78 72 71 71 72 72 72 74 77 79 75 67 65 68 66 68 68 67 67 65 57 50 37 34 8 -6 -8 -11 -17 -21 -22 -18 -11 -9 1 7 12 8 16 40 59 46 32 38 70 107 120 122 123 123 122 123 123 123 123 122 123 122 122 121 121 120 119 120 121 121 122 122 122 122 121 120 119 119 120 122 124 125 127 128
38 74 80 75 77 86 88 92 91 87 83 80 80 81 81 81 82 79 77 75 74 74 75 78 81 82 75 69 65 65 66 64 64 64 64 66 58 52 48 37 1 -6 -8 -10 -15 -16 -16 -13 -7 -2 -3 3 8 16 32 52 48 36 37 47 61 104 118 123 124 124 124 124 124 124 124 123 124 124 123 122 122 121 121 121 121 122 122 122 122 122 121 120 120 120 122 123 124 126 127 129
62 73 80 84 82 88 91 90 87 83 79 77 79 80 81 82 82 79 74 74 75 77 79 81 84 85 77 69 64 68 68 67 65 65 64 69 67 69 64 39 -8 -11 -16 -17 -14 -21 -15 -7 -3 -2 8 19 22 20 41 53 38 39 41 63 70 102 116 123 124 125 124 125 125 125 125 125 125 125 124 124 123 123 123 122 123 123 123 122 123 122 122 122 122 122 122 124 125 126 127 129
70 65 68 81 90 92 93 90 86 82 77 76 79 79 74 73 76 73 74 75 77 79 81 84 87 83 77 69 67 70 70 71 69 69 69 69 72 74 67 16 -1 -14 -13 -9 -10 -27 -6 14 29 30 26 31 41 45 53 45 40 38 54 63 62 95 113 124 125 125 125 125 126 126 126 126 126 126 125 125 125 125 124 124 124 124 123 123 123 122 123 122 122 123 124 124 126 127 128 129
59 56 56 60 88 94 93 91 86 83 80 79 81 80 72 73 73 74 76 77 80 82 84 86 89 85 78 73 73 74 75 75 74 74 74 75 78 76 44 26 39 37 34 21 -2 1 19 19 28 46 48 50 51 49 48 48 50 52 63 69 54 98 112 124 126 126 126 127 127 127 127 127 127 127 126 126 126 126 126 125 125 124 124 123 124 123 123 123 123 124 124 125 126 127 128 129
60 57 61 55 79 95 95 93 89 85 83 83 84 84 82 84 79 77 79 82 87 87 90 91 90 83 77 77 78 79 80 78 79 79 81 84 86 74 26 53 54 48 36 21 7 -13 -18 3 23 31 35 39 43 50 56 59 59 64 70 75 73 101 110 124 127 127 127 128 128 128 129 129 128 128 127 127 127 127 127 127 126 125 125 124 124 124 124 124 124 125 125 126 127 128 129 130
47 53 62 61 82 98 97 94 92 88 86 84 84 88 89 87 83 82 84 89 88 81 90 92 89 82 80 82 83 84 85 83 85 86 89 92 91 67 50 57 52 42 19 14 11 1 -21 -15 14 34 46 53 58 66 67 66 65 64 66 69 70 95 110 124 128 128 128 129 129 130 130 129 129 129 128 128 128 127 128 127 126 126 125 124 124 125 124 125 125 126 127 127 128 129 130 131
47 56 62 62 86 100 100 97 95 92 91 88 88 87 89 89 88 88 89 89 84 82 83 87 83 79 83 87 89 90 92 92 92 94 97 99 97 79 65 59 38 39 24 -18 27 43 46 33 26 40 55 64 66 72 76 71 70 65 60 71 63 101 115 127 129 129 129 129 130 131 131 131 130 129 129 129 129 128 127 127 127 126 126 125 125 125 125 126 126 127 128 128 129 130 131 132
43 59 65 54 78 100 103 101 99 97 95 93 92 93 93 91 90 91 93 88 81 78 78 80 80 80 86 90 91 93 95 96 97 100 102 104 99 69 64 59 40 27 16 16 50 82 87 87 73 49 56 78 85 85 84 77 72 59 68 77 70 109 123 129 129 129 130 131 132 132 132 132 131 131 130 130 129 129 128 127 127 126 126 126 126 126 126 127 127 128 129 130 130 131 132 133
65 61 67 52 63 90 102 103 104 102 100 100 100 101 101 100 96 94 89 81 75 73 71 72 74 80 86 88 90 96 98 99 101 104 106 107 90 65 68 62 53 39 37 52 69 99 113 111 109 83 77 84 88 74 73 68 67 76 75 69 90 120 127 130 130 130 131 131 132 132 133 132 132 131 131 130 130 129 129 128 127 127 126 126 126 127 128 128 129 129 130 131 132 132 133 134
61 53 59 65 55 70 90 102 106 106 105 104 104 103 101 99 94 88 83 75 64 66 64 65 70 75 80 83 88 97 101 103 105 108 110 110 92 76 72 50 50 34 37 69 115 115 124 128 122 118 95 86 84 81 80 82 87 84 86 78 117 126 129 130 130 131 131 132 132 133 132 133 132 132 131 130 130 129 129 128 128 128 127 127 128 128 129 129 130 131 131 132 133 134 134 135
42 47 51 50 55 64 57 77 100 106 105 102 101 100 98 92 89 84 78 68 57 57 57 59 61 60 61 71 88 101 104 106 108 111 112 112 104 85 68 48 41 25 41 77 114 131 138 139 137 127 107 95 91 90 93 88 89 95 91 95 125 129 130 130 131 131 132 132 133 133 134 133 133 132 132 131 130 130 130 129 129 129 129 129 130 130 130 131 132 132 133 133 134 135 135 136
52 55 52 37 53 64 65 56 73 99 103 98 96 96 94 85 82 83 78 70 55 53 48 50 51 52 67 83 98 102 105 108 110 112 113 113 97 71 53 52 33 30 43 60 107 139 141 141 140 133 124 110 97 97 97 92 98 98 98 106 126 130 131 131 132 131 132 132 133 133 134 134 133 133 132 132 131 131 131 131 131 131 131 131 131 131 132 132 133 133 134 134 135 136 136 137
73 66 63 48 50 48 62 77 61 86 95 92 90 91 85 73 65 78 85 78 68 71 62 62 64 71 81 92 99 102 105 108 110 113 113 104 78 67 48 39 30 28 53 58 119 142 144 143 142 139 122 108 100 102 97 96 99 101 105 117 129 131 132 131 132 131 132 133 133 134 134 135 134 134 134 133 132 132 132 132 132 133 132 132 132 133 134 134 135 135 135 136 136 137 137 138
58 71 69 60 49 39 56 88 87 90 92 94 92 92 84 82 64 78 95 92 88 84 80 79 80 81 86 93 98 102 106 109 110 105 100 92 76 46 47 35 14 28 45 75 132 145 145 145 144 142 134 128 124 117 106 104 107 109 108 127 131 132 131 131 131 132 133 133 134 134 135 135 135 135 135 134 134 134 134 134 134 134 133 133 134 135 135 135 136 136 137 137 137 138 138 139
80 69 73 60 44 42 60 78 93 103 100 104 104 104 103 102 100 105 106 103 98 94 91 90 88 88 91 95 100 99 93 93 95 105 105 82 60 44 43 25 5 41 83 99 136 147 147 146 145 144 141 132 114 115 111 118 121 120 126 131 132 132 132 131 132 132 133 134 134 135 136 136 136 136 136 136 136 136 136 136 135 135 135 135 135 136 136 136 137 138 138 139 139 139 140 140
91 67 73 62 44 29 44 60 76 97 107 107 112 112 111 113 114 117 115 112 108 104 102 99 95 91 89 89 85 74 77 90 110 111 106 75 51 48 43 21 37 39 69 111 147 148 148 148 147 147 145 141 136 134 132 130 127 127 131 133 133 133 133 132 132 133 134 134 135 136 137 137 137 137 137 138 138 138 137 137 137 137 137 137 137 137 138 137 137 138 139 139 140 139 141 141
102 70 77 70 62 43 15 50 72 92 110 112 113 116 117 120 120 122 121 118 116 112 109 101 88 76 76 84 88 91 106 115 116 116 102 70 55 56 32 20 55 54 81 125 148 149 149 149 149 148 148 147 143 141 139 136 135 134 134 133 133 133 133 133 133 134 135 136 136 137 138 139 139 139 139 139 139 139 139 139 139 139 139 139 139 139 139 138 138 139 140 140 140 140 140 141
111 90 83 80 75 67 66 71 80 64 93 112 117 119 122 122 125 126 124 123 121 118 114 105 95 99 103 107 110 115 116 117 118 115 95 62 62 58 42 66 70 68 89 128 147 150 150 150 150 150 150 149 148 146 144 141 139 137 135 133 133 133 134 134 135 135 136 137 138 139 139 140 140 141 141 141 141 141 141 141 141 141 141 141 140 140 139 139 139 139 140 140 140 141 141 141
102 104 84 79 82 80 78 81 85 58 70 91 106 116 124 127 128 128 127 126 123 121 120 118 116 115 115 115 116 117 117 117 116 105 88 68 69 58 62 68 61 74 86 114 147 151 151 150 151 151 151 150 149 147 145 142 140 137 135 133 134 134 135 136 136 137 138 139 139 140 141 142 141 142 142 142 142 143 143 143 144 143 143 142 141 141 140 140 139 139 139 140 140 141 141 142
67 101 74 78 85 88 86 85 86 70 47 77 85 103 120 127 130 129 128 127 125 122 120 120 118 118 117 117 117 118 117 115 109 87 81 64 70 68 72 75 81 81 100 108 139 150 150 151 150 151 151 151 150 149 146 144 141 138 135 133 134 135 136 137 138 139 140 140 142 142 143 143 143 143 143 143 144 144 145 145 145 144 143 143 142 141 141 140 140 140 140 140 141 140 140 142
94 114 92 82 90 89 89 81 82 83 73 72 65 84 104 122 129 129 129 128 127 124 122 121 120 119 119 119 118 118 116 108 90 75 80 71 71 70 73 77 66 90 87 107 119 150 150 150 150 151 151 152 151 150 148 145 142 139 137 135 136 137 138 138 139 140 142 143 144 144 144 144 144 144 144 144 144 144 145 146 146 145 144 143 142 142 141 142 141 141 141 140 140 140 139 142
126 129 114 106 102 100 90 76 89 86 87 86 60 81 94 112 123 125 127 128 126 126 124 122 122 121 121 120 117 113 105 89 72 74 79 78 86 86 80 84 91 92 98 105 123 150 150 150 149 150 150 151 153 152 150 147 144 142 140 138 139 139 139 140 141 143 144 145 146 146 145 146 145 145 145 145 144 144 144 145 146 145 144 144 144 143 143 143 142 141 140 139 138 138 141 140
141 140 129 122 116 110 101 84 81 97 97 90 89 81 95 106 116 118 119 121 122 122 122 121 120 118 109 105 105 91 78 76 71 78 87 88 83 93 79 83 94 86 88 96 141 149 149 148 148 148 149 150 152 151 150 148 146 144 142 142 141 141 142 143 145 146 148 148 147 148 148 147 146 146 146 146 146 145 145 146 146 146 146 146 145 145 144 144 143 142 140 139 137 141 140 142
151 149 143 128 133 126 100 91 81 98 104 102 93 100 91 91 105 107 107 109 113 116 115 112 109 106 101 88 79 79 83 76 81 76 89 86 90 94 88 77 99 103 101 110 144 148 148 147 147 147 147 149 149 148 149 148 147 146 145 145 144 145 145 146 147 149 150 149 150 149 148 147 147 147 147 147 147 147 147 147 148 148 148 149 148 147 147 146 144 143 140 141 143 143 142 144
156 155 153 148 148 139 120 98 98 88 100 103 107 104 107 98 93 87 86 97 113 105 101 102 98 90 85 87 89 87 83 90 87 78 91 100 104 95 92 86 97 110 106 125 148 149 147 146 145 145 145 147 146 147 149 148 148 147 147 147 147 147 146 147 148 151 153 153 152 151 149 148 147 147 149 148 149 149 149 149 150 150 150 150 150 149 148 147 146 144 143 146 146 147 146 147
154 153 153 152 148 132 109 102 97 104 105 106 108 110 111 112 112 111 112 116 117 115 109 101 96 95 95 93 87 91 100 101 93 103 83 112 101 97 102 100 104 108 115 124 149 149 147 144 143 142 143 145 145 147 148 148 148 149 149 150 150 149 149 149 152 155 155 155 154 153 152 151 150 149 148 149 150 151 152 152 152 152 152 151 152 150 149 148 146 147 148 150 150 150 150 151
146 144 137 132 126 115 102 103 101 98 99 103 105 104 104 107 104 105 111 114 117 119 116 112 106 98 95 93 98 99 99 103 109 92 114 108 110 98 107 108 107 111 119 136 150 149 146 143 141 140 142 144 145 147 148 149 150 150 151 152 152 152 152 153 155 155 156 156 155 154 154 153 153 152 151 151 152 153 154 154 155 154 153 153 153 151 150 148 146 150 151 151 153 153 154 155
132 130 118 108 105 106 114 119 116 115 114 118 123 116 106 108 112 113 111 113 116 119 118 115 110 103 98 96 97 103 106 102 120 120 128 103 117 107 122 106 113 118 121 140 151 150 147 144 141 140 142 144 145 147 149 150 151 152 153 153 154 154 154 154 155 155 156 156 156 155 156 156 156 155 155 155 155 156 158 157 157 156 154 155 155 153 151 148 148 150 152 154 156 157 157 157
115 106 104 120 129 120 115 125 117 116 122 126 129 140 139 135 130 124 120 121 120 121 120 116 110 106 108 108 108 113 121 132 133 134 139 132 130 134 145 123 116 125 131 140 153 151 149 146 144 143 143 145 146 149 150 151 152 153 154 155 156 156 157 157 157 157 158 158 157 158 159 160 159 159 158 159 161 161 163 162 160 158 158 158 157 154 151 147 149 151 154 157 158 159 159 159
140 134 132 132 139 133 133 146 139 140 143 140 142 150 134 131 138 138 137 139 136 134 132 131 126 127 121 111 108 127 139 142 143 146 152 145 136 157 154 127 117 136 137 135 149 153 152 149 147 146 146 147 149 151 152 153 154 155 156 157 158 158 159 160 160 161 160 160 160 162 163 164 163 163 162 164 165 165 166 166 164 163 160 159 158 155 153 148 150 153 156 157 159 160 161 159
156 155 151 152 156 150 154 155 161 162 159 162 161 162 154 147 147 150 150 149 151 145 140 139 135 127 123 132 140 140 137 146 151 154 159 150 148 170 164 145 122 133 143 141 140 146 152 149 151 149 149 150 152 154 155 155 156 156 157 158 159 160 161 162 162 162 162 164 165 166 167 168 168 168 169 170 170 169 170 169 167 165 163 162 160 156 153 152 154 157 157 159 161 162 162 162
171 168 167 168 156 160 161 161 166 173 173 171 170 170 173 174 174 171 167 159 156 145 136 141 141 142 145 144 142 142 150 157 158 144 152 156 153 167 172 160 139 141 142 142 138 139 147 148 155 154 154 155 156 157 157 158 158 158 159 160 161 162 162 163 163 163 163 167 169 169 170 171 172 173 173 173 173 173 172 171 170 168 165 163 160 155 154 155 157 159 160 161 162 163 163 163
176 175 174 179 179 183 183 181 182 180 176 175 176 174 176 182 183 179 176 166 152 150 145 143 132 137 146 147 152 155 161 164 158 166 166 157 153 172 174 171 158 142 154 152 147 143 147 151 158 160 160 160 160 160 160 160 160 160 160 161 162 163 164 164 165 165 166 169 172 174 174 175 177 177 176 176 176 175 174 173 171 169 167 163 157 153 157 158 160 160 161 163 163 164 163 164
178 181 181 179 183 189 190 188 187 184 179 183 185 186 186 186 184 182 179 176 174 171 165 156 152 159 159 156 159 164 167 172 173 163 162 165 167 174 176 174 167 153 148 155 151 150 155 156 161 163 166 165 164 164 163 163 162 162 162 162 164 164 165 166 166 167 168 170 174 176 177 179 179 179 178 178 178 177 175 174 173 171 168 159 153 156 158 160 161 162 164 165 164 165 166 166
188 188 187 185 188 190 189 190 189 186 186 187 186 181 178 183 184 182 179 181 181 177 171 168 171 175 174 164 164 168 170 161 162 173 171 171 174 179 178 176 172 164 152 161 154 156 157 163 166 169 171 170 169 167 166 165 164 164 163 164 165 165 166 167 168 169 170 172 177 178 180 181 180 177 174 179 179 177 176 175 173 171 167 153 155 157 159 160 163 164 165 165 166 168 168 169
192 191 190 191 192 189 186 191 190 189 189 188 186 185 184 178 186 186 185 185 184 182 181 183 184 183 182 181 182 181 175 170 177 182 182 182 181 181 180 179 176 167 166 164 158 159 164 168 172 175 177 175 172 170 168 167 167 166 166 165 166 167 167 168 169 170 172 176 179 181 182 183 182 179 179 180 180 178 176 175 173 170 158 153 157 159 161 162 164 166 167 167 167 171 172 172
