markdown_presentation/Maxent_Alex/sdm_pakistan_maxent/Env_layers/tmean_worldclim_01.asc
NCOLS 120 
NROWS 120 
XLLCORNER 60 
YLLCORNER 20 
CELLSIZE 0.166666666666667 
NODATA_value -32768 
[rows 0 to 43 of 120, columns 0 to 95 of 120]
-8.000000000000000 -9 -9 -9 -9 -9 -8 -8 -7 -7 -6 -6 -5 -4 -3 -2 -1 0 0 1 2 2 3 3 4 4 5 6 7 8 5 3 0 1 5 6 9 11 12 13 13 12 5 -9 3 10 -5 -4 9 13 7 3 -3 -7 -12 -18 -22 -35 -43 -40 -65 -69 -59 -53 -72 -69 -54 -83 -112 -126 -133 -145 -117 -156 -197 -200 -178 -162 -167 -175 -142 -178 -188 -188 -165 -158 -152 -180 -198 -187 -176 -174 -164 -135 -121 -108
-7 -7 -7 -7 -6 -6 -6 -5 -5 -4 -4 -3 -2 -1 0 2 2 3 4 4 5 6 6 7 7 8 8 10 11 12 11 12 12 7 -2 -6 7 12 12 13 14 14 13 11 9 -1 -22 -27 -39 -32 -27 -53 -41 -35 -37 -43 -58 -75 -87 -85 -94 -123 -116 -128 -127 -111 -126 -170 -182 -184 -201 -187 -165 -182 -189 -200 -182 -171 -174 -159 -169 -186 -176 -160 -152 -155 -146 -140 -133 -132 -134 -122 -127 -118 -99 -84
-3 -3 -4 -4 -4 -4 -3 -3 -3 -2 -1 -1 0 2 3 4 5 6 7 8 8 9 9 10 11 11 12 12 13 13 13 16 17 16 15 15 14 16 13 10 8 10 13 11 4 -27 -50 -62 -73 -93 -92 -116 -111 -112 -105 -120 -135 -152 -170 -169 -179 -176 -190 -194 -172 -140 -148 -173 -191 -188 -164 -145 -148 -138 -127 -133 -140 -150 -154 -162 -177 -190 -186 -198 -196 -184 -160 -164 -151 -126 -97 -105 -100 -95 -83 -70
1 0 0 0 0 -1 0 0 1 2 2 3 5 5 6 7 8 9 9 11 12 12 13 13 13 14 14 15 15 16 17 18 19 20 20 21 20 19 9 -13 -22 -23 -7 -4 -10 -25 -20 -31 -41 -64 -74 -75 -98 -106 -108 -107 -121 -123 -133 -142 -152 -155 -155 -160 -154 -171 -173 -136 -163 -145 -124 -145 -171 -155 -178 -192 -211 -235 -239 -209 -228 -241 -216 -208 -192 -181 -192 -191 -151 -120 -96 -87 -76 -68 -60 -55
3 3 3 3 3 4 4 5 5 6 7 7 8 8 9 10 11 12 13 14 15 15 16 17 16 15 16 17 17 18 19 20 21 22 22 22 22 21 18 14 9 -12 -15 -39 -56 -70 -62 -110 -94 -145 -122 -86 -127 -124 -135 -138 -147 -158 -158 -141 -128 -111 -133 -134 -105 -110 -127 -93 -99 -115 -183 -207 -193 -183 -195 -209 -235 -253 -247 -214 -211 -234 -226 -198 -198 -225 -226 -219 -203 -175 -110 -81 -69 -58 -54 -52
5 5 5 5 5 6 6 7 8 8 9 10 11 11 12 13 14 15 15 16 17 18 18 19 19 19 17 18 19 20 20 21 22 23 23 23 23 23 23 23 23 19 -2 -38 -69 -125 -140 -136 -139 -136 -110 -131 -115 -121 -149 -125 -112 -153 -139 -142 -83 -64 -77 -74 -75 -92 -117 -137 -173 -162 -167 -193 -224 -188 -200 -211 -238 -241 -225 -217 -187 -198 -244 -222 -225 -198 -174 -200 -244 -209 -168 -129 -85 -69 -60 -55
6 7 7 7 7 8 9 9 10 11 12 13 14 14 15 16 16 17 18 18 19 20 20 21 21 20 19 20 21 22 22 23 24 24 25 24 25 26 26 24 18 7 -8 -43 -112 -123 -86 -105 -119 -142 -130 -137 -84 -89 -122 -81 -104 -92 -98 -65 -36 -79 -94 -136 -130 -116 -132 -172 -165 -162 -210 -224 -242 -203 -231 -233 -217 -234 -226 -200 -193 -214 -235 -232 -209 -199 -196 -186 -204 -217 -228 -164 -122 -104 -84 -63
8 8 9 9 9 10 11 12 13 14 15 16 16 17 18 18 19 19 19 20 21 21 22 22 22 23 23 22 22 23 24 25 26 27 27 27 27 27 26 16 -13 -62 -71 -81 -123 -101 -37 -66 -95 -70 -53 -51 -26 -56 -69 -47 -58 -69 -40 -57 -85 -67 -84 -90 -98 -134 -157 -133 -178 -176 -184 -190 -191 -220 -233 -216 -219 -220 -208 -199 -206 -217 -227 -217 -219 -214 -224 -218 -209 -170 -213 -175 -163 -141 -130 -105
10 10 11 11 11 12 13 14 15 16 17 18 19 20 21 21 21 21 21 22 22 23 23 23 24 24 25 24 23 25 26 27 28 28 28 27 25 23 17 5 -13 -40 -63 -90 -81 -65 -24 -20 1 15 5 15 22 12 9 -16 -40 -55 -49 -40 -65 -80 -98 -122 -122 -127 -147 -174 -189 -188 -141 -154 -188 -231 -260 -220 -187 -199 -180 -220 -235 -221 -214 -211 -204 -202 -201 -215 -216 -193 -216 -260 -218 -188 -194 -170
12 12 12 13 13 13 14 15 17 18 19 20 21 22 23 23 24 24 24 24 24 24 24 25 25 26 26 26 26 27 27 28 28 27 27 25 21 14 8 -1 -20 -37 -47 -78 -69 -74 8 30 32 23 12 18 18 7 4 3 -13 -22 -19 -31 -43 -72 -110 -115 -84 -84 -96 -144 -146 -133 -161 -167 -180 -213 -196 -182 -190 -202 -200 -228 -239 -230 -226 -202 -185 -190 -188 -198 -214 -210 -186 -224 -223 -197 -174 -158
13 13 14 14 14 15 16 17 18 20 21 23 24 25 26 26 26 26 26 26 26 25 26 26 26 26 27 27 28 29 28 30 30 29 28 23 17 10 2 -11 -30 -22 -37 -30 -14 4 26 35 27 12 12 1 12 28 15 -4 -3 3 -6 -16 -35 -77 -111 -74 -138 -119 -163 -119 -105 -149 -171 -177 -187 -152 -165 -174 -192 -192 -200 -202 -194 -208 -211 -196 -175 -184 -200 -211 -204 -189 -257 -237 -236 -206 -188 -169
15 15 15 15 16 16 17 18 20 21 23 25 26 27 28 28 28 28 27 27 27 27 27 27 27 27 27 28 29 30 32 32 32 33 32 27 16 10 0 -21 -37 -22 8 14 17 28 34 34 13 8 14 8 33 26 12 21 17 13 6 -1 -42 -57 -66 -110 -158 -157 -171 -124 -145 -159 -161 -140 -149 -170 -202 -207 -214 -207 -222 -216 -214 -194 -184 -172 -184 -172 -173 -177 -205 -203 -171 -202 -220 -196 -165 -148
17 17 17 17 17 18 18 20 21 23 25 27 28 30 30 30 29 29 29 29 28 28 27 27 27 27 28 28 29 30 32 33 34 35 32 31 21 13 8 -34 -27 11 20 22 31 35 35 27 -2 22 -6 21 37 26 19 23 13 25 25 -9 -41 -29 -110 -105 -126 -158 -131 -100 -123 -114 -147 -158 -193 -208 -217 -209 -204 -196 -219 -216 -208 -197 -200 -191 -188 -187 -192 -178 -190 -215 -167 -157 -183 -206 -151 -168
18 18 18 18 18 19 20 21 22 24 26 29 31 32 32 31 29 29 29 29 28 28 28 28 27 28 28 28 29 30 32 34 35 36 33 38 34 29 0 -42 7 23 32 36 35 36 32 19 11 20 12 26 35 31 24 27 25 30 15 -18 -52 -21 -83 -117 -135 -127 -113 -159 -167 -120 -179 -161 -167 -167 -169 -176 -188 -169 -173 -169 -185 -187 -181 -191 -196 -193 -189 -186 -184 -219 -207 -146 -161 -163 -171 -158
20 20 19 19 19 20 20 21 23 25 27 30 32 34 33 30 29 28 27 28 28 28 28 28 27 27 27 28 29 30 32 33 35 38 40 43 43 41 27 11 28 38 39 37 37 33 32 23 28 22 30 34 33 32 16 18 33 34 23 13 -10 -17 -50 -81 -120 -106 -123 -159 -140 -130 -131 -176 -199 -204 -190 -180 -205 -182 -180 -194 -213 -209 -200 -204 -194 -190 -189 -198 -187 -205 -219 -186 -169 -175 -193 -196
22 22 21 20 20 20 20 22 23 25 27 29 32 33 32 30 28 27 26 26 26 27 27 27 27 27 27 27 28 29 31 33 35 37 40 42 44 43 38 40 41 41 41 39 38 34 34 23 31 25 31 35 31 29 19 13 35 34 15 -22 -28 -52 -78 -83 -99 -101 -120 -146 -122 -114 -154 -187 -182 -165 -156 -181 -197 -196 -186 -173 -179 -185 -187 -193 -199 -209 -196 -193 -183 -197 -218 -212 -172 -211 -188 -180
23 23 23 22 21 20 20 21 22 24 25 28 30 31 32 30 27 26 24 24 24 24 25 25 26 26 26 26 26 28 29 31 34 36 38 40 42 42 42 42 42 41 41 40 39 39 37 27 35 29 36 34 35 36 35 23 32 24 7 -29 -25 -21 -16 -43 -83 -92 -114 -152 -128 -141 -143 -149 -144 -156 -177 -193 -182 -169 -182 -205 -220 -209 -209 -214 -200 -190 -206 -225 -222 -226 -221 -202 -165 -212 -199 -150
21 25 24 23 22 21 20 20 21 22 24 26 28 29 30 29 27 25 23 22 21 21 21 22 23 23 24 24 24 26 27 30 32 34 36 39 40 41 41 41 41 41 40 40 39 39 38 30 36 34 34 33 31 25 31 32 31 23 -1 -20 -1 -9 -26 -19 -42 -70 -99 -110 -121 -157 -183 -165 -190 -195 -185 -168 -154 -198 -215 -216 -195 -187 -192 -183 -192 -215 -226 -224 -214 -204 -210 -223 -190 -206 -219 -167
6 20 25 25 23 21 19 19 20 21 22 24 26 27 29 29 27 24 22 20 19 18 18 17 18 18 19 19 21 22 24 27 29 32 34 37 38 39 40 40 39 39 39 39 39 39 38 37 37 34 32 33 30 25 26 22 20 12 15 3 13 -12 -34 -76 -61 -43 -79 -151 -145 -140 -197 -189 -151 -127 -157 -184 -177 -174 -172 -187 -146 -185 -196 -193 -216 -217 -213 -212 -206 -216 -206 -223 -236 -210 -222 -162
4 12 24 26 25 22 19 18 20 21 22 23 25 25 28 28 25 23 21 19 16 15 14 13 12 11 11 12 14 18 20 22 24 28 32 33 34 37 38 38 38 38 38 36 31 33 34 36 33 34 25 23 30 29 24 16 22 17 0 -18 -8 -37 -59 -104 -94 -54 -86 -160 -148 -96 -156 -123 -163 -207 -207 -162 -176 -158 -180 -189 -178 -194 -207 -198 -187 -197 -194 -189 -153 -177 -208 -220 -233 -238 -217 -220
-2 18 16 23 24 22 18 16 19 21 22 24 24 24 26 27 21 17 16 14 13 12 10 10 10 8 10 10 11 15 16 19 21 23 28 28 26 29 22 6 15 25 17 -8 -21 -7 9 9 17 21 25 19 18 27 20 5 11 -1 -10 -17 -75 -35 -83 -133 -80 -62 -117 -127 -106 -158 -156 -195 -217 -181 -121 -143 -155 -147 -169 -155 -137 -175 -140 -151 -149 -204 -222 -196 -158 -153 -202 -222 -227 -241 -246 -191
-16 2 17 23 29 26 21 18 21 23 24 24 25 24 25 30 23 13 12 11 11 11 10 8 8 11 12 12 11 12 14 16 19 22 24 22 20 17 15 7 20 25 -8 -61 -52 -15 3 10 -2 0 14 20 20 19 7 5 -3 -27 -76 -43 -98 -106 -141 -162 -76 -129 -160 -138 -147 -176 -206 -204 -150 -125 -86 -116 -146 -184 -168 -125 -108 -166 -137 -114 -191 -143 -183 -195 -187 -140 -206 -195 -181 -220 -225 -215
9 8 13 27 36 35 29 25 24 25 26 25 25 24 26 30 25 20 17 13 12 9 11 10 16 18 18 16 13 11 9 15 16 17 18 20 12 -11 -8 2 8 15 -1 -20 -31 -26 -7 0 -6 -7 2 17 28 16 6 -3 -67 -45 -128 -60 -78 -136 -187 -144 -111 -181 -167 -165 -176 -144 -160 -175 -95 -64 -102 -127 -156 -150 -156 -129 -104 -104 -64 -148 -163 -103 -106 -107 -112 -167 -223 -252 -221 -221 -222 -231
23 28 33 35 39 44 39 33 28 28 29 28 27 26 28 31 33 26 21 20 19 17 17 16 15 17 19 22 21 19 12 6 0 -11 -10 -4 6 3 0 -1 2 -3 -4 -15 -34 -37 -39 -46 -23 -22 -19 24 21 11 11 -18 -46 -19 -70 -122 -118 -110 -167 -146 -108 -137 -168 -162 -141 -111 -86 -96 -65 -167 -135 -150 -148 -149 -140 -148 -150 -166 -128 -84 -79 -51 -156 -165 -202 -209 -198 -202 -223 -236 -247 -238
16 21 26 33 30 29 34 39 33 28 26 25 26 26 29 32 34 34 31 26 23 22 22 21 18 21 23 25 21 12 -11 -19 -30 -62 -80 -55 -23 -12 -14 -15 -25 -34 -37 -25 -32 -66 -86 -52 -31 -52 -20 27 18 4 -14 -29 -69 -35 -88 -150 -146 -172 -140 -120 -156 -129 -188 -130 -131 -112 -41 -61 -117 -171 -163 -176 -171 -169 -173 -156 -143 -146 -152 -157 -138 -50 -30 -105 -107 -203 -194 -171 -174 -206 -215 -212
-6 0 11 9 20 39 44 41 26 27 29 33 27 29 29 35 29 32 33 31 28 27 25 20 14 8 -5 -2 -19 -30 -33 -19 -45 -83 -85 -81 -63 -82 -94 -87 -83 -46 -65 -65 -67 -78 -60 -45 -77 -97 -31 2 11 -9 -24 -32 -50 -112 -145 -152 -139 -156 -173 -172 -143 -174 -155 -121 -108 -107 -10 -94 -115 -162 -148 -139 -145 -132 -142 -129 -89 -98 -115 -97 -149 -154 -125 -15 -72 -155 -164 -186 -149 -160 -185 -177
14 13 3 10 5 16 38 46 36 33 36 36 30 27 31 34 29 30 28 30 29 18 5 -10 -22 -33 -53 -46 -74 -80 -55 -53 -96 -81 -95 -103 -106 -120 -140 -121 -72 -88 -125 -97 -116 -95 -79 -75 -110 -80 -19 -2 4 -6 -23 -30 -54 -94 -120 -83 -132 -151 -132 -161 -170 -157 -144 -84 -99 -83 1 -59 -111 -99 -99 -89 -115 -83 -115 -95 -29 0 -4 -9 -58 -119 -152 -39 -120 -145 -119 -121 -148 -120 -187 -203
-15 22 30 30 19 6 25 45 39 32 34 34 33 32 33 32 26 27 20 8 18 -18 -60 -70 -74 -105 -108 -94 -83 -88 -100 -105 -110 -107 -123 -135 -153 -142 -103 -103 -121 -144 -124 -134 -115 -108 -71 -80 -64 -15 -39 -72 -99 -96 -98 -127 -139 -105 -80 -137 -121 -105 -127 -143 -129 -110 -130 -71 -16 1 -12 -72 -24 -45 -96 -67 -131 -50 -29 12 -77 -84 -42 -2 16 -5 -30 -101 -133 -141 -187 -192 -121 -111 -102 -194
-7 -18 16 40 43 41 44 41 32 35 37 35 31 30 29 24 22 25 22 16 22 12 2 -16 -42 -61 -54 -38 -45 -76 -104 -117 -130 -136 -117 -135 -130 -111 -125 -157 -162 -144 -130 -134 -129 -68 -64 -35 -43 -63 -127 -139 -163 -136 -98 -50 -44 -79 -106 -149 -95 -45 -76 -130 -81 -62 -80 -51 2 12 -44 6 -19 -82 -78 -27 -111 -79 -27 0 -86 -123 -123 -115 -85 -93 -158 -204 -136 -132 -178 -192 -186 -115 -148 -127
5 8 19 37 47 50 51 43 31 34 37 33 30 28 29 25 22 17 20 17 16 -7 -20 -16 -21 -35 -55 -70 -76 -90 -68 -82 -118 -105 -141 -148 -163 -121 -123 -154 -157 -161 -145 -157 -132 -98 -98 -99 -97 -143 -142 -135 -86 -55 -34 9 -7 -50 -100 -95 -89 -29 -15 -47 -24 -5 -65 11 24 -11 20 27 27 -9 21 -4 -50 27 12 -68 -113 -135 -129 -138 -145 -153 -176 -179 -136 -160 -164 -186 -179 -183 -189 -149
-9 8 29 40 47 51 53 47 37 23 25 24 22 21 20 13 5 8 12 13 14 -4 -14 -13 -37 -66 -92 -102 -116 -115 -125 -92 -91 -97 -128 -156 -154 -162 -157 -129 -160 -168 -156 -146 -143 -125 -129 -112 -94 -107 -92 -67 -60 -73 -32 13 7 11 -21 -70 4 -15 34 -39 -7 23 32 41 27 45 53 49 33 39 58 28 34 46 -16 -76 -111 -99 -101 -127 -130 -111 -115 -152 -161 -148 -169 -172 -170 -190 -202 -198
32 9 24 43 51 55 55 50 41 29 14 8 2 -4 -7 -7 -18 -26 -26 -36 -11 -35 -38 -63 -96 -107 -104 -117 -129 -124 -130 -115 -120 -136 -138 -144 -153 -145 -154 -171 -137 -139 -137 -141 -149 -137 -117 -102 -126 -131 -108 -99 -105 -116 -17 -5 -31 16 13 -9 40 50 27 -19 -5 40 55 39 62 65 66 56 64 67 54 28 57 58 24 -36 -63 -43 -119 -90 -61 -60 -65 -95 -107 -134 -149 -165 -178 -184 -179 -191
45 38 21 41 51 53 49 49 46 36 28 20 13 -9 -10 -27 -33 -59 -81 -76 -79 -93 -105 -111 -130 -129 -142 -125 -118 -109 -106 -100 -110 -116 -112 -121 -134 -142 -149 -159 -163 -152 -164 -160 -151 -157 -150 -157 -138 -123 -135 -133 -117 -85 -28 -13 -22 9 36 46 65 72 64 71 64 60 45 69 74 64 72 80 81 64 69 64 70 34 54 37 18 -40 -54 -24 -38 -12 -34 -97 -108 -116 -132 -158 -183 -180 -179 -166
54 54 40 36 47 48 45 48 52 47 43 37 32 23 20 7 -35 -76 -44 -14 -34 -71 -101 -97 -99 -115 -119 -120 -121 -112 -112 -127 -126 -135 -137 -144 -150 -152 -159 -156 -157 -158 -149 -154 -139 -129 -110 -106 -120 -118 -120 -97 -73 -70 -48 -40 -43 -34 2 23 52 70 86 89 85 77 68 77 78 80 92 94 93 85 81 83 79 68 73 77 68 33 22 -38 -14 25 4 -2 -67 -136 -150 -161 -178 -171 -167 -166
66 66 63 59 53 48 51 50 49 39 29 37 41 36 31 26 14 7 -3 -56 -87 -83 -93 -97 -115 -137 -140 -137 -141 -140 -139 -138 -131 -137 -138 -142 -136 -134 -144 -148 -153 -146 -154 -137 -130 -142 -141 -117 -108 -94 -98 -95 -86 -74 -60 -59 -78 -71 -24 6 44 62 75 84 93 92 88 85 91 101 100 99 99 99 96 90 81 88 82 65 54 61 15 -29 -61 0 25 22 -9 -50 -114 -138 -159 -175 -189 -165
68 71 72 70 69 66 59 54 41 19 29 35 27 19 3 -19 -43 -60 -57 -70 -86 -81 -102 -117 -129 -133 -137 -136 -138 -136 -128 -132 -135 -126 -123 -138 -136 -121 -128 -139 -155 -158 -141 -128 -144 -142 -139 -120 -108 -108 -91 -79 -73 -72 -67 -66 -97 -76 -73 -96 -60 -4 27 49 65 62 65 71 104 107 105 101 101 101 103 104 98 100 86 68 42 62 33 8 3 -39 -14 17 17 -9 -88 -122 -147 -159 -183 -165
60 66 73 73 65 67 58 45 33 31 34 27 11 -7 -17 -39 -73 -85 -84 -79 -76 -91 -119 -125 -132 -137 -139 -131 -129 -125 -135 -130 -139 -136 -110 -127 -128 -110 -146 -145 -150 -143 -123 -132 -149 -149 -149 -130 -126 -118 -98 -86 -75 -65 -65 -74 -90 -64 -40 -8 11 -26 -48 -26 15 45 63 78 103 107 103 92 93 102 105 103 99 98 84 75 57 79 56 18 7 -31 -103 -28 6 17 -2 -45 -136 -135 -162 -177
60 61 72 74 69 69 59 43 44 45 34 23 9 7 -11 -33 -45 -71 -73 -92 -109 -119 -110 -121 -112 -116 -120 -134 -130 -127 -132 -116 -110 -99 -99 -133 -112 -93 -129 -109 -93 -111 -145 -160 -145 -159 -140 -132 -127 -92 -77 -81 -86 -72 -79 -78 -64 -57 -17 5 40 54 42 19 29 36 58 72 84 98 83 91 102 102 104 103 101 95 90 95 82 82 56 68 64 26 -76 -95 -19 11 23 9 -86 -114 -126 -144
61 68 73 74 72 71 65 58 53 46 37 27 21 16 -2 -28 -37 -42 -82 -91 -79 -64 -68 -79 -100 -106 -115 -116 -123 -132 -116 -113 -75 -60 -79 -127 -79 -59 -78 -87 -129 -157 -156 -137 -148 -162 -134 -129 -112 -89 -60 -68 -75 -73 -61 -56 -67 -68 -14 37 53 69 62 48 60 66 84 96 106 102 100 109 107 102 100 101 101 99 100 101 98 101 94 90 76 48 -14 -109 -80 -27 -7 -1 -63 -107 -78 -125
24 59 73 77 74 70 66 60 55 47 35 30 32 32 26 13 -9 -30 -38 -22 -28 -51 -86 -75 -82 -100 -124 -122 -111 -106 -89 -97 -78 -72 -40 -111 -70 -40 -80 -100 -120 -141 -134 -143 -139 -149 -138 -138 -104 -70 -51 -49 -57 -48 -47 -72 -43 -33 17 53 70 71 82 87 87 85 92 106 114 113 111 112 108 105 104 102 102 104 103 103 105 109 108 101 82 70 49 -28 -11 -47 -57 -20 -82 -29 -8 -57
7 24 67 75 69 68 66 60 53 49 39 38 40 40 27 12 0 4 -10 -4 -21 -31 -21 -40 -58 -80 -111 -113 -108 -93 -73 -80 -57 -25 -44 -70 -37 -61 -106 -140 -136 -132 -142 -144 -128 -128 -123 -96 -73 -59 -51 -53 -46 -45 -63 -75 -40 -5 36 52 56 77 91 98 92 99 103 105 107 110 113 109 109 109 106 107 108 106 105 107 111 114 116 106 98 97 90 64 59 31 42 39 -15 -35 4 -61
26 16 58 72 69 69 67 60 56 47 36 37 46 30 22 28 25 -2 -9 -16 8 -14 -53 -57 -89 -113 -110 -95 -68 -35 -32 -86 -30 -1 -38 -34 -56 -83 -114 -118 -109 -137 -135 -130 -112 -114 -101 -83 -68 -59 -64 -64 -48 -51 -66 -57 -41 -20 6 46 70 89 103 110 112 114 107 94 94 106 115 115 113 110 109 108 108 106 107 109 114 118 120 119 110 109 110 103 104 80 58 38 39 35 27 10
39 43 58 69 77 75 69 62 61 58 52 50 46 41 45 38 43 41 29 15 10 -36 -60 -84 -94 -70 -75 -61 -15 -17 -52 -60 9 18 -21 -63 -41 -64 -79 -82 -110 -145 -122 -94 -109 -102 -91 -78 -68 -67 -62 -49 -56 -63 -50 -33 -8 14 37 48 77 95 109 118 119 117 106 115 119 117 114 113 110 107 107 107 105 107 110 113 117 120 121 121 121 119 119 120 121 112 102 73 27 -38 -24 -27
40 46 57 72 79 80 75 68 59 60 63 53 50 66 64 60 55 42 40 30 20 -12 -21 -57 -55 -50 -44 -7 13 -9 -36 -37 17 6 -25 -3 -19 -40 -81 -115 -125 -129 -98 -81 -90 -81 -76 -73 -64 -58 -50 -49 -65 -49 -44 -19 -28 -17 -22 19 57 84 107 118 120 119 113 120 120 116 108 111 108 103 102 99 100 102 106 115 119 121 122 122 123 123 124 126 128 124 117 101 71 40 19 30
