markdown_tutorials/Maxent_Alex/sdm_pakistan_maxent/Env_layers/alt_worldclim.asc
NCOLS 120 
NROWS 120 
XLLCORNER 60 
YLLCORNER 20 
CELLSIZE 0.166666666666667 
NODATA_value -32768 
[rows 0 to 40 of 120, columns 0 to 92 of 120]
167.000000000000000 170 174 176 182 182 183 187 190 188 190 191 186 185 179 185 178 177 177 180 184 191 196 202 210 219 226 236 242 250 336 419 509 535 484 504 487 486 520 536 575 623 783 1063 861 733 1020 1002 754 678 788 838 943 982 1037 1115 1157 1383 1507 1407 1861 1925 1703 1578 1906 1841 1547 2063 2550 2797 2898 3091 2588 3262 3964 4008 3608 3316 3384 3505 2895 3524 3683 3662 3221 3072 2936 3411 3740 3503 3262 3215 2995
175 184 182 182 182 184 186 192 198 198 199 205 204 193 179 170 176 178 180 180 183 188 200 202 207 213 221 222 224 236 277 290 336 463 686 809 592 526 577 607 620 651 696 753 803 995 1372 1469 1677 1537 1452 1886 1674 1547 1563 1637 1883 2152 2342 2284 2409 2902 2767 2947 2922 2619 2863 3621 3817 3843 4131 3880 3469 3755 3870 4054 3728 3516 3540 3256 3410 3702 3497 3202 3029 3055 2872 2742 2595 2553 2564 2338 2396
144 147 180 183 185 187 191 197 205 209 210 212 206 182 177 175 174 175 179 182 184 186 196 203 204 208 215 226 244 274 286 272 292 341 391 432 505 499 610 715 778 793 760 795 930 1481 1877 2085 2266 2595 2581 2953 2877 2873 2757 2988 3231 3505 3785 3765 3916 3853 4082 4153 3741 3168 3291 3718 4025 3949 3504 3157 3196 3015 2819 2903 3013 3169 3230 3345 3606 3828 3726 3938 3868 3638 3178 3247 2983 2525 2003 2109 2022
120 126 140 150 161 172 167 178 178 177 193 196 174 183 184 177 175 175 194 185 184 186 191 196 207 210 219 234 245 261 271 283 293 307 338 375 423 495 717 1169 1351 1387 1131 1097 1228 1494 1418 1599 1777 2163 2316 2326 2686 2813 2841 2803 3030 3045 3189 3336 3496 3520 3513 3590 3467 3747 3777 3094 3569 3233 2836 3207 3649 3365 3761 3990 4331 4736 4793 4239 4573 4806 4321 4170 3855 3641 3822 3782 3035 2481 2047 1880 1692
121 125 128 132 135 137 144 146 149 155 157 166 177 184 186 178 174 174 177 181 186 188 188 187 211 246 241 245 254 266 282 296 309 320 355 397 424 483 588 699 836 1235 1299 1728 2034 2263 2141 2911 2664 3481 3112 2541 3188 3147 3314 3344 3491 3666 3646 3356 3117 2799 3164 3153 2622 2707 2984 2363 2456 2722 3931 4352 4092 3890 4101 4340 4803 5112 4987 4365 4305 4708 4547 4025 4017 4479 4492 4342 4027 3512 2348 1849 1627
123 128 131 134 138 142 146 149 153 158 160 168 176 180 180 176 176 179 182 186 187 190 197 189 188 212 267 273 272 276 290 307 324 338 364 406 441 477 520 549 591 694 1103 1743 2257 3160 3412 3360 3409 3369 2958 3288 3022 3122 3569 3161 2938 3605 3355 3403 2360 2003 2206 2139 2123 2413 2832 3187 3819 3607 3679 4140 4673 4031 4235 4411 4886 4922 4636 4466 3931 4111 4929 4510 4543 4044 3580 4040 4836 4179 3418 2715 1961
123 127 131 136 140 143 146 150 155 160 162 166 170 173 175 176 181 185 188 190 193 195 197 200 203 224 260 258 272 279 293 309 328 349 375 417 438 459 492 551 695 934 1222 1841 2976 3159 2586 2883 3121 3496 3297 3412 2559 2625 3154 2472 2845 2621 2693 2106 1566 2302 2539 3276 3139 2867 3136 3849 3712 3640 4486 4720 5043 4331 4826 4853 4544 4838 4697 4208 4071 4435 4801 4724 4296 4115 4030 3838 4154 4380 4564 3377 2647
123 127 132 135 138 141 145 151 155 159 164 167 170 171 175 179 183 188 191 193 197 201 202 202 207 214 224 250 271 278 297 302 319 337 370 406 436 459 517 742 1277 2144 2300 2490 3171 2831 1808 2282 2765 2357 2098 2063 1662 2134 2326 1941 2099 2265 1732 2001 2473 2130 2409 2478 2595 3226 3619 3186 3977 3924 4068 4166 4173 4684 4901 4592 4633 4642 4418 4236 4351 4536 4705 4509 4520 4416 4583 4468 4277 3579 4332 3629 3410
124 128 131 136 141 146 150 154 158 163 167 170 173 175 178 181 185 189 193 196 199 202 206 208 208 213 221 249 286 281 280 295 314 346 376 433 502 565 716 951 1305 1798 2186 2642 2518 2272 1589 1528 1197 975 1152 1014 916 1054 1073 1455 1824 2055 1919 1749 2151 2384 2685 3086 3065 3129 3482 3944 4210 4187 3334 3554 4158 4919 5420 4694 4119 4309 3972 4664 4906 4645 4520 4449 4305 4258 4222 4447 4453 4034 4447 5240 4439
130 132 135 140 148 154 158 161 166 172 174 178 179 182 182 184 186 190 193 197 201 204 209 211 211 213 224 232 248 266 287 298 333 395 433 491 601 759 896 1077 1435 1750 1935 2472 2335 2423 1047 631 615 826 1051 955 972 1142 1158 1134 1378 1508 1422 1619 1793 2280 2938 2996 2431 2393 2600 3443 3467 3230 3732 3831 4057 4641 4322 4069 4206 4407 4359 4838 5018 4844 4762 4337 4014 4096 4046 4187 4464 4382 3941 4609 4573
133 137 141 146 153 160 166 171 175 178 182 186 189 188 187 189 188 190 194 198 202 206 210 213 216 219 222 226 232 251 282 288 328 371 429 554 708 848 1021 1273 1614 1511 1764 1674 1418 1096 682 517 694 1033 1028 1249 1056 713 936 1273 1221 1076 1225 1374 1686 2410 2985 2308 3425 3063 3852 3034 2761 3576 3964 4053 4233 3602 3829 3988 4289 4273 4410 4441 4276 4501 4537 4277 3888 4039 4297 4464 4332 4051 5261 4870 4839
138 143 147 153 158 165 172 178 182 187 191 197 200 203 201 197 196 193 197 201 204 208 212 215 219 222 226 229 230 232 235 265 295 317 376 505 735 873 1076 1455 1760 1501 978 872 834 612 496 523 960 1077 962 1077 580 691 990 792 840 906 1025 1131 1850 2083 2221 2988 3825 3793 4036 3174 3535 3800 3825 3443 3590 3963 4529 4610 4711 4588 4839 4723 4668 4313 4130 3908 4101 3877 3866 3925 4385 4338 3783 4293 4588
146 151 155 159 165 169 176 183 190 195 199 206 214 211 212 211 213 213 210 204 205 210 216 219 221 225 228 231 235 238 239 247 264 293 393 444 661 826 934 1687 1572 917 739 713 541 460 466 637 1238 757 1319 790 417 659 819 717 919 667 657 1297 1875 1625 3042 2947 3297 3860 3359 2765 3181 2999 3612 3804 4432 4675 4820 4687 4591 4443 4829 4750 4603 4414 4444 4281 4213 4166 4242 3989 4169 4578 3742 3559 3992
153 159 163 166 171 176 179 187 195 203 210 215 224 224 225 234 249 245 232 230 225 220 223 228 232 234 234 235 236 240 244 244 255 282 385 342 444 535 1065 1826 983 682 508 425 437 420 512 785 954 784 939 619 407 511 683 630 662 548 876 1512 2116 1531 2618 3203 3498 3332 3074 3895 4032 3170 4230 3917 4014 4022 4048 4172 4366 4026 4085 4013 4270 4289 4164 4322 4388 4319 4240 4165 4110 4699 4471 3416 3644
160 167 173 177 180 184 186 189 198 207 216 223 231 238 241 267 286 296 292 269 258 247 237 236 243 246 246 246 243 241 242 247 250 255 265 266 286 337 584 882 581 379 352 383 376 473 502 682 573 694 525 423 436 469 843 799 475 481 715 939 1380 1492 2072 2616 3286 3023 3319 3950 3598 3387 3434 4238 4618 4697 4462 4276 4691 4292 4253 4484 4774 4694 4532 4585 4399 4311 4269 4405 4196 4492 4717 4127 3829
177 176 182 187 190 195 196 195 199 211 220 229 239 248 256 289 320 335 340 334 310 283 273 260 251 256 260 259 257 250 247 246 249 254 260 260 263 272 368 330 308 295 305 333 344 439 424 672 482 600 482 365 461 517 751 905 434 494 925 1663 1772 2188 2633 2705 2973 2999 3327 3769 3342 3182 3909 4468 4385 4086 3928 4339 4599 4582 4399 4180 4267 4337 4361 4431 4528 4666 4435 4355 4164 4389 4730 4604 3912
221 195 191 196 200 205 207 205 213 231 244 253 258 259 266 299 344 372 389 391 381 357 335 312 286 272 272 277 272 263 257 257 260 265 265 268 272 273 276 279 284 288 292 303 313 309 358 553 385 511 337 360 340 344 373 664 498 711 1124 1831 1763 1683 1600 2064 2742 2887 3278 3929 3511 3732 3765 3878 3796 3991 4339 4601 4401 4180 4383 4740 4989 4791 4761 4830 4581 4391 4649 4934 4879 4926 4814 4477 3811
316 226 217 211 212 217 220 217 225 250 273 285 292 294 286 314 358 404 433 449 449 438 416 391 358 327 307 296 293 284 276 271 270 273 274 276 277 280 286 291 297 296 299 299 306 311 323 476 351 373 359 360 404 557 450 463 541 769 1335 1724 1352 1522 1841 1709 2091 2574 3069 3265 3461 4065 4498 4206 4600 4688 4528 4242 3996 4694 4966 4973 4605 4458 4518 4361 4490 4847 5025 4956 4760 4565 4668 4862 4262
710 415 270 246 231 230 235 231 233 265 297 315 327 339 316 331 374 430 479 505 518 513 514 500 471 440 398 376 342 321 312 299 297 289 293 290 288 294 298 308 316 319 314 310 310 312 324 335 323 361 390 358 397 527 542 700 808 1041 1016 1311 1130 1637 2039 2778 2505 2186 2815 4016 3925 3835 4780 4638 4025 3630 4117 4545 4417 4361 4325 4554 3882 4470 4627 4564 4922 4921 4832 4794 4666 4821 4624 4909 5111
851 679 387 293 263 245 250 247 239 278 316 341 363 383 348 369 431 471 517 555 593 607 619 630 631 619 577 525 457 386 379 375 403 354 330 355 367 331 320 329 340 351 349 377 471 427 400 352 389 368 533 586 382 410 603 863 789 961 1394 1793 1607 2155 2552 3296 3120 2467 3000 4220 4025 3174 4169 3631 4264 4973 4973 4235 4439 4169 4497 4619 4415 4648 4840 4686 4482 4613 4559 4443 3832 4191 4696 4885 5102
1050 659 706 519 406 332 269 269 259 292 343 366 398 429 414 405 544 612 635 672 691 695 739 726 717 724 643 591 521 421 444 448 454 458 405 437 510 479 635 959 796 609 764 1246 1526 1258 930 933 767 647 556 679 698 466 724 1205 1108 1442 1653 1814 2859 2188 3007 3824 2967 2678 3573 3741 3399 4238 4211 4833 5181 4600 3664 3988 4181 4043 4349 4134 3853 4399 3841 3993 3930 4772 5050 4594 3952 3841 4621 4938 5001
1408 1088 832 698 498 402 318 315 304 337 373 405 434 470 467 375 533 718 742 770 764 757 779 819 804 731 642 559 470 453 508 544 540 518 500 574 654 719 785 940 694 598 1263 2245 2125 1442 1086 925 1217 1191 838 694 690 762 1159 1274 1480 2005 2895 2351 3286 3416 3976 4319 2959 3805 4301 3968 4108 4567 5051 5011 4164 3789 3196 3630 4079 4657 4375 3733 3471 4294 3845 3495 4609 3854 4427 4622 4433 3689 4729 4519 4218
1050 1095 1035 794 579 434 402 389 435 414 424 451 477 513 488 403 509 619 692 772 789 856 818 829 701 632 585 568 548 673 792 671 673 662 676 641 827 1266 1213 1038 932 802 1132 1508 1739 1668 1311 1174 1333 1374 1193 827 545 915 1274 1523 2758 2413 3769 2700 2999 3930 4737 4072 3568 4676 4452 4442 4601 4122 4373 4601 3385 2924 3493 3859 4267 4169 4256 3838 3460 3434 2853 4004 4198 3306 3327 3293 3320 4121 5044 5556 4973
875 838 782 786 754 596 488 495 550 500 471 484 520 541 497 437 404 543 630 668 677 741 739 763 795 767 725 637 699 737 890 995 1095 1277 1262 1148 961 1011 1079 1100 1053 1144 1181 1406 1806 1894 1971 2147 1723 1737 1679 710 821 1135 1196 1916 2486 2003 2889 3713 3672 3570 4455 4148 3581 4036 4506 4419 4109 3661 3297 3451 2990 4515 4028 4230 4191 4200 4039 4141 4153 4350 3774 3132 3040 2623 4071 4175 4734 4844 4602 4641 5012
1095 1046 1002 910 976 954 775 545 588 665 647 645 613 588 533 455 420 419 479 577 639 670 700 733 808 767 771 790 922 1047 1386 1489 1650 2119 2384 2007 1479 1308 1329 1359 1531 1712 1776 1591 1765 2419 2795 2269 1907 2364 1738 704 955 1391 1838 2180 2866 2348 3219 4172 4134 4545 4066 3790 4348 3950 4855 3987 4005 3728 2696 2985 3811 4612 4487 4661 4570 4523 4566 4292 4069 4082 4143 4184 3872 2642 2323 3329 3286 4764 4545 4119 4142
1549 1461 1300 1338 1163 859 704 647 882 792 688 569 654 592 574 442 566 495 481 529 586 616 675 798 948 1085 1309 1280 1540 1683 1734 1510 1891 2420 2440 2381 2111 2389 2580 2484 2459 1878 2233 2277 2367 2622 2382 2158 2731 3081 1995 1376 1206 1740 2105 2293 2598 3567 4079 4216 4049 4316 4607 4602 4185 4672 4393 3884 3704 3701 2271 3517 3829 4516 4302 4146 4230 4028 4152 3930 3351 3450 3643 3366 4048 4080 3612 2096 2813 4000 4055 4374 3760
1281 1306 1479 1367 1446 1252 846 617 759 743 633 573 668 699 605 509 603 575 607 590 624 857 1093 1336 1527 1699 1979 1898 2267 2358 2032 1993 2587 2374 2562 2669 2721 2938 3253 2979 2248 2523 3159 2779 3129 2868 2693 2684 3241 2794 1780 1475 1423 1704 2076 2273 2691 3330 3741 3228 3967 4282 4012 4473 4626 4442 4263 3382 3614 3388 2123 3050 3807 3627 3636 3481 3831 3367 3805 3490 2526 2098 2140 2200 2813 3600 4036 2428 3502 3825 3373 3336 3762
1817 1219 1096 1097 1263 1455 1117 701 769 839 737 690 667 667 610 608 690 661 804 1060 886 1507 2088 2202 2249 2652 2689 2510 2384 2446 2613 2681 2748 2710 2920 3102 3387 3228 2657 2680 2986 3379 3098 3323 3094 3040 2544 2739 2530 1654 2189 2797 3209 3207 3286 3753 3958 3504 3172 4036 3822 3619 3969 4228 4043 3774 4092 3233 2403 2135 2350 3283 2583 2901 3622 3202 4109 2931 2612 1984 3238 3316 2697 2086 1811 2059 2352 3293 3680 3743 4452 4534 3296
1728 1908 1362 966 891 903 815 835 938 842 740 737 784 764 734 804 813 725 787 936 850 1061 1243 1492 1820 2047 1964 1781 1880 2277 2641 2813 2990 3091 2813 3063 2997 2723 2935 3468 3581 3319 3141 3267 3277 2430 2446 1976 2178 2575 3548 3752 4154 3779 3291 2618 2565 3126 3565 4227 3462 2737 3242 4053 3368 3105 3392 2967 2144 1954 2910 2110 2525 3466 3400 2654 3849 3376 2620 2184 3405 3875 3833 3681 3218 3276 4192 4936 3707 3601 4293 4517 4384
1589 1531 1347 1046 857 780 712 826 1006 899 813 845 848 859 798 845 868 919 838 945 1046 1442 1579 1486 1544 1704 1939 2139 2229 2419 2179 2367 2808 2629 3134 3219 3484 2825 2856 3359 3450 3550 3325 3607 3281 2874 2944 3025 3031 3733 3749 3677 2984 2558 2285 1638 1949 2680 3480 3433 3383 2509 2313 2868 2537 2239 3198 2016 1747 2439 1908 1745 1795 2444 1943 2353 3022 1810 2071 3212 3808 4074 3940 4019 4074 4160 4499 4486 3706 4024 4021 4417 4218
1847 1580 1216 1028 888 775 716 787 938 1142 1067 1054 1057 1047 1024 1113 1255 1171 1106 1154 1208 1442 1522 1464 1716 2037 2335 2477 2673 2691 2840 2459 2440 2507 2895 3314 3279 3415 3355 2888 3440 3640 3472 3361 3389 3205 3363 3183 2986 3185 2996 2613 2550 2804 2194 1520 1684 1680 2250 3076 1963 2316 1523 2777 2278 1796 1620 1463 1768 1387 1227 1338 1715 1636 1287 1887 1779 1518 2534 3353 3797 3607 3573 3885 3871 3557 3529 4032 4118 3801 4119 4131 4024
1219 1589 1333 1005 844 738 719 781 898 1082 1307 1365 1445 1493 1522 1492 1648 1747 1749 1850 1559 1779 1775 2009 2358 2465 2425 2610 2798 2759 2867 2680 2764 2975 2999 3079 3220 3074 3221 3568 2957 3006 3021 3199 3452 3355 3171 3029 3401 3505 3204 3089 3232 3427 1897 1782 2233 1570 1694 2125 1345 1194 1683 2471 2287 1501 1224 1570 1051 1013 994 1257 1138 1114 1403 1916 1380 1366 1968 2839 3176 2853 3868 3403 2923 2840 2833 3160 3258 3583 3760 3992 4219
1030 1153 1431 1063 876 804 854 831 858 1002 1109 1216 1303 1609 1602 1824 1884 2191 2433 2322 2301 2430 2532 2545 2768 2694 2940 2661 2585 2504 2515 2462 2598 2668 2607 2713 2874 2977 3079 3264 3371 3163 3496 3517 3433 3645 3608 3803 3544 3350 3593 3597 3395 2829 1922 1791 2018 1630 1285 1193 890 806 1041 919 1087 1173 1495 960 840 1078 909 756 790 1206 1123 1256 1149 1862 1524 1796 2043 2849 2984 2500 2632 2194 2425 3191 3299 3295 3457 3868 4410
919 898 1128 1180 974 930 960 884 790 841 893 966 1028 1137 1171 1353 1916 2422 1980 1571 1768 2154 2483 2328 2292 2471 2496 2519 2600 2524 2569 2800 2782 2922 2939 3023 3109 3125 3218 3141 3152 3208 3068 3331 3154 3097 2908 2941 3210 3240 3329 2963 2472 2417 2032 2048 2253 2249 1841 1618 1214 920 656 620 707 845 1016 822 796 761 488 418 462 727 865 866 989 1252 1176 1104 1251 1807 1935 2729 2324 1701 1909 1914 2733 3674 3846 3976 4340
719 719 761 819 891 968 882 878 875 1022 1153 997 919 965 1016 1081 1241 1328 1441 2059 2384 2260 2291 2269 2395 2713 2773 2732 2861 2879 2896 2901 2813 2909 2933 2972 2861 2802 2922 2963 3027 2887 3157 2903 2915 3285 3358 3049 2976 2791 2899 2861 2669 2397 1989 2247 2908 2909 2232 1912 1429 1166 927 767 581 601 655 703 590 361 336 336 323 360 483 698 974 824 1011 1402 1552 1390 2077 2635 3013 2083 1631 1582 1944 2443 3308 3588 3952
738 654 614 626 630 667 786 852 1043 1381 1193 1074 1179 1274 1472 1757 2046 2232 2138 2252 2380 2215 2394 2491 2578 2555 2661 2689 2781 2810 2713 2807 2878 2757 2704 2919 2862 2613 2681 2806 3095 3189 2870 2747 3161 3252 3304 3048 2929 2999 2721 2480 2273 2105 1965 2371 3280 3003 3049 3499 3034 2272 1862 1510 1228 1284 1226 1079 404 313 297 300 308 341 338 365 571 542 937 1362 1808 1427 1860 2143 2141 2666 2231 1683 1595 1915 2986 3410 3832
925 792 637 611 755 687 820 1040 1213 1210 1142 1230 1440 1683 1787 2045 2466 2573 2498 2350 2236 2352 2665 2665 2689 2740 2772 2642 2647 2647 2839 2796 2953 2907 2543 2761 2752 2486 3002 2980 3065 2945 2624 2841 3278 3384 3485 3200 3229 3153 2856 2641 2397 2026 2107 2667 3177 2796 2499 2190 2043 2641 2998 2726 2171 1714 1331 983 506 380 397 545 521 337 311 384 547 607 1006 1244 1607 1102 1508 2054 2136 2601 3566 2399 1840 1629 1871 2404 3728
970 922 694 636 693 665 834 1094 1048 1010 1162 1319 1506 1503 1719 1988 2100 2399 2364 2567 2753 2809 2576 2686 2461 2457 2515 2771 2733 2719 2832 2621 2573 2430 2432 2889 2574 2299 2760 2445 2206 2458 3075 3446 3187 3605 3308 3232 3245 2697 2494 2592 2755 2455 2725 2840 2687 2679 2176 2008 1647 1461 1715 2121 1996 1906 1501 1205 940 633 851 647 400 389 369 413 475 662 801 714 1091 1075 1550 1299 1300 1834 3243 3445 2281 1814 1619 1798 3037
991 830 710 666 678 679 767 865 923 1025 1146 1273 1347 1389 1613 1944 2012 2036 2532 2600 2363 2090 2077 2146 2363 2403 2550 2559 2691 2871 2649 2639 2174 1998 2253 2849 2173 1909 2112 2198 2781 3321 3343 2974 3294 3696 3184 3177 2964 2648 2277 2425 2583 2592 2419 2426 2787 2921 2156 1538 1403 1170 1381 1652 1484 1379 999 778 612 623 586 340 345 432 482 473 491 532 489 540 699 669 865 930 1161 1565 2399 3722 3227 2420 2119 2025 2823
1655 1029 735 636 663 716 773 856 927 1028 1197 1259 1197 1173 1238 1389 1656 1900 1952 1706 1741 1977 2377 2169 2224 2432 2786 2746 2580 2545 2340 2475 2247 2179 1803 2669 2105 1711 2171 2388 2678 3053 2934 3150 3132 3430 3297 3396 2819 2338 2124 2115 2283 2158 2216 2826 2397 2371 1719 1283 1086 1167 1008 957 977 1023 888 632 463 427 389 304 353 416 435 479 478 422 465 528 549 496 587 770 1106 1277 1555 2624 2329 2811 2912 2368 3194
1967 1651 892 715 781 797 804 886 984 1028 1159 1160 1104 1079 1240 1436 1572 1473 1620 1501 1689 1779 1615 1809 2003 2252 2682 2698 2628 2442 2215 2318 2061 1686 1893 2181 1768 2009 2562 3104 3005 2923 3141 3240 2944 3009 2991 2550 2217 2092 2065 2192 2135 2177 2601 2938 2406 1962 1468 1323 1356 1063 864 755 902 771 685 648 601 498 365 420 376 368 411 405 362 432 497 499 446 420 388 715 892 874 962 1356 1394 1781 1608 1653 2405
