markdown_tutorials/Maxent_Alex/sdm_pakistan_maxent/Env_layers/alt_worldclim.asc
NCOLS 120 
NROWS 120 
XLLCORNER 60 
YLLCORNER 20 
CELLSIZE 0.166666666666667 
NODATA_value -32768 
[rows 41 to 81 of 120, columns 0 to 92 of 120]
1694 1816 1086 797 814 788 806 916 954 1087 1237 1197 1033 1254 1344 1232 1251 1585 1650 1709 1356 1615 2087 2112 2509 2833 2764 2529 2197 1818 1797 2453 1804 1464 1877 1816 2032 2355 2738 2768 2594 3095 3069 2990 2644 2744 2516 2223 2070 2067 2302 2399 2207 2357 2716 2644 2482 2250 1950 1448 1161 879 635 518 491 453 595 878 853 564 307 296 316 374 376 399 423 491 498 498 412 331 295 382 672 671 636 754 718 1114 1471 1773 1761
1500 1400 1101 874 688 705 798 902 888 922 993 1012 1054 1116 1039 1109 1015 1014 1167 1332 1368 1949 2236 2543 2665 2289 2356 2177 1622 1666 2085 2204 1409 1314 1749 2203 1911 2131 2297 2280 2687 3342 2865 2307 2644 2513 2268 2081 2063 2213 2261 2149 2381 2609 2488 2299 1985 1768 1513 1441 1054 758 534 359 316 373 613 366 258 291 342 343 403 464 471 482 528 514 476 407 345 263 242 293 343 425 413 439 435 622 796 1307 2049
1510 1379 1139 848 689 640 698 818 952 901 833 987 1013 759 777 822 864 1031 1048 1160 1284 1676 1772 2231 2192 2116 2024 1577 1342 1632 1970 1995 1368 1517 1860 1615 1728 1902 2380 2865 3034 3108 2485 2140 2283 2100 1979 2024 2031 2068 2070 2189 2602 2423 2438 2119 2363 2277 2447 1898 1383 983 564 322 287 298 427 233 201 267 471 384 474 593 625 709 703 670 611 393 303 232 263 260 269 274 263 258 286 427 551 868 1443
1571 1445 1406 922 660 590 712 953 869 702 714 739 687 704 768 826 936 1039 1264 1354 1537 1517 1763 1844 1843 2018 1643 1380 1223 1508 1620 1551 1130 1470 1409 1456 1751 2336 2995 2423 2210 2120 1970 2174 1984 2030 2072 1988 1983 2023 2101 2283 2231 2025 2291 2199 2604 2603 2235 1755 1407 1277 641 356 296 297 309 275 197 215 308 656 790 816 594 436 276 259 215 207 213 218 220 228 233 235 239 251 268 313 389 510 639
1517 1405 1501 1422 828 587 629 733 646 674 660 728 664 761 844 1262 1240 1073 1041 1019 1231 1193 1260 1472 1810 1652 1347 1181 1102 1112 1087 1152 1629 1601 1590 1822 2104 2420 2400 1964 1819 1845 2126 1887 1953 2229 2057 1983 2014 2144 2209 2236 2148 1853 2005 2270 2223 1943 1823 1372 944 702 355 319 378 496 547 379 195 202 205 324 510 335 192 187 189 195 203 209 211 209 212 218 224 231 237 246 258 279 297 310 370
1763 1450 1103 1190 1071 695 608 605 653 626 609 620 640 728 755 851 792 741 765 824 886 934 1057 1270 1394 1281 1188 1079 999 998 1110 1410 1791 1883 1922 1869 1930 1752 1747 1620 1748 1765 1738 1880 2111 1995 2044 2144 2264 2308 2341 2453 2332 2009 1645 1792 1646 1359 1377 1141 779 408 263 238 357 407 413 188 194 195 193 191 190 185 180 184 190 194 199 199 200 205 210 216 222 228 230 234 244 255 259 264 267
1712 1665 1111 1025 943 732 619 537 549 566 583 601 611 640 682 724 688 713 738 768 821 921 1004 1090 1078 1020 989 981 956 956 1175 1385 1671 1598 1561 1482 1501 1510 1674 1724 1618 1613 1794 2116 2039 2128 2265 2345 2353 2266 2311 2225 2131 2275 1575 1375 1278 1112 909 904 472 271 231 215 202 191 177 186 191 191 190 188 186 178 175 183 188 192 193 194 197 202 209 214 218 222 223 226 231 236 243 250 260
1544 1750 1236 1198 1004 728 572 510 539 558 572 583 577 588 628 654 682 704 716 723 770 870 900 912 912 904 902 900 886 1106 1311 1646 1556 1397 1318 1212 1246 1459 1499 1469 1580 1716 2030 2099 2173 2064 2201 2269 2248 2210 2126 2111 1979 2073 1834 1307 1126 1190 1087 1392 623 281 222 204 190 178 174 183 185 185 186 186 184 172 171 181 186 187 187 191 197 201 206 210 214 215 216 220 226 233 242 251 255
1503 1510 1249 1090 992 829 632 493 514 528 552 552 559 591 609 611 630 650 664 706 780 833 841 848 848 834 819 833 859 970 1089 1205 1261 1169 1122 1170 1225 1294 1444 1526 1494 1843 2201 2063 1914 2132 2117 2135 2110 2109 2066 2002 1909 1960 1789 1780 1274 1252 1503 1721 712 321 217 196 180 168 171 177 177 179 180 179 178 166 170 175 175 179 184 192 196 200 203 207 208 209 212 219 226 233 239 245 252
1297 1233 1050 913 941 812 602 478 485 494 500 528 546 541 563 564 581 631 715 773 803 808 823 823 796 787 788 865 863 874 934 978 975 985 1013 1047 1154 1247 1275 1352 1496 1760 1894 1937 2024 2091 2099 2075 2077 2056 2014 1969 1863 1865 1882 1713 1503 1403 1949 2047 986 489 222 186 168 162 167 168 170 172 174 172 168 161 165 168 172 178 186 189 193 196 200 201 202 208 214 219 223 229 233 237 231
1282 1024 971 1001 800 753 620 489 476 479 476 489 493 526 527 545 592 727 769 780 770 796 804 790 764 754 841 982 1016 971 1005 987 980 983 998 1037 1165 1241 1395 1400 1716 1893 1922 1981 2096 2194 2247 2215 2157 2153 2025 1971 1936 2043 1965 1636 1389 1650 1892 1821 1254 513 244 186 159 159 163 162 162 164 167 167 161 156 160 165 172 179 183 186 190 192 193 196 200 207 212 216 219 223 227 220 226
1662 1001 858 904 848 643 585 486 477 479 478 478 483 494 514 525 544 616 682 732 766 780 786 771 743 741 883 997 1069 1088 1081 1111 1119 1131 1146 1113 1243 1319 1360 1477 1933 2023 2051 2102 2194 2245 2277 2265 2205 2150 2190 2124 2070 1980 1775 1491 1603 1819 1836 1682 1420 599 285 184 156 155 159 156 156 157 160 160 154 153 157 163 172 176 179 182 186 187 190 196 201 205 208 211 214 218 214 215 227
1260 1014 865 760 760 601 505 478 480 482 484 483 482 491 511 534 549 632 754 769 780 777 767 747 723 728 890 1040 1134 1097 1113 1131 1175 1192 1223 1157 1196 1179 1247 1555 2161 2195 2281 2309 2304 2425 2373 2294 2247 2239 2105 1949 1916 1972 1666 1497 1775 1791 1783 1418 1287 642 342 190 152 149 152 151 150 151 153 150 146 150 155 163 167 172 176 180 180 183 191 196 197 197 199 201 201 205 211 217 225
1131 1191 1111 831 625 551 481 477 480 485 491 488 486 512 659 709 687 749 767 773 773 768 754 729 701 800 917 1082 1143 1114 1122 1133 1185 1216 1227 1236 1196 1184 1301 1940 2139 2332 2326 2286 2333 2600 2341 2074 1842 1825 1881 1802 1641 1605 1480 1655 1772 1835 1570 1434 1444 792 410 188 146 145 146 147 145 146 147 141 142 147 154 160 165 169 172 174 177 182 187 185 186 190 192 195 200 207 214 222 227
1358 1386 1341 1227 675 521 479 475 488 500 504 497 490 545 727 741 761 761 762 768 759 735 720 708 685 797 947 1055 1086 1096 1101 1131 1179 1204 1222 1215 1186 1226 1657 1850 1638 1638 1683 1901 2292 2284 2064 2074 1919 1609 1548 1518 1512 1561 1606 1626 1622 1600 1418 1320 1599 746 456 190 144 141 141 141 140 140 138 137 139 144 150 155 161 165 169 174 175 176 176 180 184 187 190 194 200 209 218 224 230
1354 1387 1285 1356 874 524 476 478 483 513 518 510 493 515 577 584 699 743 747 726 658 668 661 666 714 864 1001 1035 1050 1063 1091 1143 1168 1184 1181 1141 1112 1284 1933 1525 1457 1499 1693 1959 2206 2519 2614 2342 2053 1916 1830 1756 1691 1561 1481 1442 1460 1389 1285 1194 1240 683 504 206 141 135 136 136 136 132 132 137 139 143 149 156 161 164 166 166 167 170 174 179 181 184 189 196 203 210 216 222 229
1610 1490 1299 1274 843 511 477 484 484 520 523 557 562 508 501 569 670 705 700 634 671 819 691 681 756 918 986 979 1001 1023 1053 1117 1129 1130 1101 1071 1083 1451 1647 1494 1492 1590 2009 2122 2180 2359 2698 2636 2203 1885 1670 1524 1416 1289 1289 1323 1363 1392 1375 1324 1307 818 504 206 133 129 130 131 129 128 131 134 140 145 150 153 153 156 158 161 165 169 172 176 180 188 195 199 204 208 213 219 226
1654 1468 1326 1300 821 524 477 485 497 510 518 549 560 580 552 585 626 639 643 661 774 837 833 793 888 990 956 926 935 968 970 1026 1068 1062 1035 1004 1026 1306 1476 1497 1750 1670 1968 2656 1966 1710 1669 1896 2038 1802 1513 1350 1306 1203 1134 1239 1290 1399 1508 1306 1469 692 417 153 125 125 124 124 123 126 129 133 138 140 143 145 148 152 155 159 161 165 170 175 184 190 193 197 202 207 212 217 223
1754 1436 1307 1474 1014 565 481 474 483 499 506 528 560 545 543 599 633 633 626 729 879 943 968 940 970 1002 946 924 931 937 949 986 1014 1012 993 970 1047 1541 1558 1562 1786 1975 2153 2155 1604 1079 993 984 1227 1653 1530 1118 984 981 1011 1151 1254 1511 1362 1190 1324 545 241 136 120 121 120 118 119 122 126 129 132 137 140 142 145 148 152 155 160 167 172 179 184 187 191 196 200 205 210 216 220
1392 1446 1303 1563 1334 796 548 493 465 464 482 484 474 457 461 503 574 630 729 888 1014 1069 1118 1124 1105 1026 972 966 970 931 951 986 991 982 960 957 1307 1695 1571 1591 1661 1837 1861 1612 1334 806 552 595 620 1079 1170 1032 959 1214 1247 1347 1366 1194 1216 1344 928 328 171 117 114 116 114 114 116 118 123 126 130 134 137 140 143 147 152 157 164 170 172 177 180 185 190 194 198 203 209 214 218
1497 1621 1509 1370 1528 1227 833 571 493 462 463 464 465 482 524 571 674 782 889 1037 1244 1229 1281 1281 1222 1142 1091 1078 1033 928 906 929 948 944 927 946 1382 1609 1578 1816 1755 1964 1894 1364 588 570 401 310 405 478 879 1021 1066 1114 1121 1099 996 1052 1026 1176 394 191 132 110 111 112 110 111 113 117 120 124 128 131 135 140 144 152 156 161 164 167 171 176 180 183 187 192 196 201 206 210 214
1860 1776 1678 1684 1591 1392 1511 1103 652 535 527 563 585 605 631 755 814 911 1022 1206 1424 1419 1435 1417 1408 1449 1469 1336 1060 869 869 898 905 904 910 928 1204 1525 1665 1874 1923 2123 1857 1262 618 302 162 145 173 342 681 896 956 960 906 991 969 861 934 848 225 139 112 105 106 108 107 108 111 114 118 122 126 131 137 143 148 151 155 159 162 166 171 175 179 182 186 190 195 200 204 208 211
1730 1669 1709 1962 1664 1453 1413 1555 1225 714 637 709 745 754 776 942 987 991 1069 1224 1487 1540 1639 1603 1611 1623 1368 1106 867 843 853 866 879 891 904 941 1354 1712 1866 1831 2053 2078 1852 1579 769 187 136 123 139 257 408 651 866 849 840 927 816 801 795 629 213 129 106 101 101 102 104 106 110 114 119 124 130 133 137 142 146 149 153 157 162 165 169 174 177 181 187 190 195 198 203 207 211
1395 1516 1554 1811 1763 1791 1507 1225 1505 1023 832 885 907 905 1009 1212 1355 1115 988 1105 1293 1229 1395 1409 1386 1265 1092 923 844 843 853 869 874 865 922 1167 1646 1740 1917 1986 2087 2118 1716 1626 580 149 110 108 114 156 453 704 834 794 866 873 802 756 672 417 161 107 98 98 97 98 101 105 109 113 118 123 127 132 136 139 143 147 151 155 159 164 174 183 187 186 185 190 194 198 201 205 208
1687 1463 1495 1648 1832 1982 1672 1077 1072 1006 949 912 935 939 1075 1111 1420 1168 869 910 968 1015 1086 1102 1070 1051 983 899 862 851 836 827 876 1041 1190 1369 1625 1981 1903 2015 2349 2116 1856 1363 376 110 98 99 108 127 254 363 411 526 708 740 660 616 622 204 115 94 92 94 95 95 99 104 109 114 117 121 125 129 133 136 141 146 151 155 162 177 189 197 196 192 189 193 195 199 202 205 208
1343 1534 1464 1676 1960 1978 1651 1302 1026 827 867 790 767 774 793 811 834 764 729 757 818 862 903 915 931 906 873 841 832 914 1095 1154 1183 1014 1054 1483 1813 1988 1954 2198 2523 1933 1271 985 295 85 88 89 94 109 150 307 622 591 629 488 404 386 251 122 95 89 89 90 92 94 98 101 106 111 115 118 122 126 130 134 139 144 150 162 178 192 200 200 201 198 199 208 210 206 206 208 210
1205 1612 1507 1690 1994 2249 1973 1674 1375 985 804 790 691 684 693 658 639 607 607 637 689 726 738 761 827 882 943 994 1139 1405 1396 1191 863 874 1005 1574 1918 1931 1965 2283 2020 1991 1504 772 118 79 78 79 79 84 100 154 234 252 260 251 295 259 154 89 84 86 88 89 89 92 97 101 106 109 113 116 119 125 129 135 138 144 160 179 196 205 199 198 203 209 217 225 226 224 221 225 228
1050 1603 1470 1586 1721 2056 2525 1909 1503 1123 790 748 730 654 630 581 588 535 535 562 585 614 640 758 989 1234 1264 1119 1091 1080 838 716 726 761 1061 1636 1863 1824 2159 2338 1773 1768 1318 534 94 73 69 70 69 67 64 72 122 140 142 154 146 124 98 81 82 84 84 85 87 92 95 101 105 110 113 116 118 122 128 134 142 159 177 194 206 207 195 203 215 219 227 237 240 242 244 248 248
943 1307 1418 1456 1540 1677 1675 1572 1406 1676 1153 812 707 647 597 587 540 497 501 511 529 553 590 739 907 837 776 722 702 652 666 680 696 780 1178 1758 1744 1784 2022 1618 1548 1570 1186 499 133 69 62 63 62 60 56 56 61 68 69 74 75 76 78 78 79 80 81 83 88 95 100 103 106 110 113 115 118 122 127 138 154 170 186 198 206 204 209 216 226 237 252 262 270 275 275 272 276
1130 1101 1437 1531 1455 1488 1519 1450 1355 1830 1599 1223 951 758 601 542 509 497 497 504 529 535 537 550 568 586 600 612 624 640 656 688 736 977 1302 1654 1627 1801 1722 1596 1695 1480 1250 746 126 58 56 55 55 55 56 60 62 63 66 70 73 75 74 75 76 78 80 87 94 100 104 107 107 110 115 114 120 127 139 150 164 176 181 188 194 207 216 230 244 258 281 289 295 296 298 299 306
1749 1195 1645 1572 1452 1399 1435 1421 1390 1667 2039 1503 1350 1035 715 590 511 498 500 508 533 551 555 557 565 580 595 607 621 646 679 742 870 1303 1424 1712 1623 1643 1568 1494 1374 1360 1020 872 291 55 50 50 50 53 58 62 64 65 68 70 71 71 72 74 76 78 87 95 102 108 112 113 112 109 115 121 133 137 150 164 182 196 198 212 217 229 242 263 277 294 303 312 313 314 323 333 343
1349 1027 1394 1553 1407 1422 1424 1531 1513 1478 1637 1637 1751 1392 1033 711 579 540 514 511 528 546 566 569 570 581 590 604 630 657 720 879 1233 1520 1435 1610 1608 1618 1558 1473 1657 1224 1259 883 652 53 47 47 50 53 55 61 65 67 67 67 66 69 71 72 77 89 100 111 120 122 116 111 106 113 126 132 146 150 164 179 202 227 228 235 241 262 278 298 310 308 314 321 326 334 349 370 389
860 812 1059 1198 1250 1273 1433 1663 1437 1467 1433 1442 1874 1496 1255 916 712 663 603 563 558 559 565 575 580 586 595 619 679 781 949 1248 1582 1549 1461 1488 1350 1339 1446 1355 1218 1202 1071 926 571 62 45 47 49 52 56 58 60 64 62 63 65 68 69 73 87 101 116 130 132 130 118 108 114 124 133 142 159 171 187 206 238 265 286 278 280 295 304 313 318 329 318 326 339 359 386 428 463
645 658 855 963 1071 1162 1303 1571 1602 1314 1298 1413 1405 1539 1273 1055 867 812 772 710 676 642 637 633 640 676 825 921 930 1202 1466 1511 1611 1494 1344 1322 1414 1239 1468 1389 1181 1312 1277 1103 241 64 45 47 49 53 56 57 59 68 59 62 65 66 69 77 96 112 125 129 127 123 116 123 137 141 142 164 174 178 195 224 244 270 293 309 313 311 312 311 316 333 331 332 355 385 432 476 536
516 562 666 916 829 935 1346 1492 1642 1343 1219 1249 1373 1245 1378 1366 1102 1033 1009 953 863 792 790 814 851 910 1006 1242 1434 1439 1390 1531 1452 1554 1327 1383 1304 1235 1339 1527 1104 1020 1037 854 167 61 44 46 49 51 52 53 61 85 58 59 63 66 69 78 97 111 130 149 151 137 134 156 154 161 178 194 205 199 198 218 244 270 295 307 311 298 293 298 304 312 327 344 371 413 472 468 464
465 495 527 619 623 762 1051 1401 1394 1546 1332 1257 1181 1222 1136 1273 1348 1433 1426 1202 904 1008 1056 1019 1073 1224 1327 1287 1280 1330 1409 1309 1365 1531 1311 1151 1072 1244 1277 1385 1171 919 975 586 105 48 42 45 48 50 50 51 81 79 56 58 61 65 68 74 95 126 164 202 198 169 148 150 165 186 212 233 245 225 197 230 252 272 290 301 309 293 293 302 295 313 336 362 384 424 457 422 439
526 548 560 580 646 906 1268 1377 1448 1320 1283 1243 1195 1142 1101 1068 1048 1042 999 914 861 882 942 1067 1138 1149 1152 1220 1344 1285 1133 1130 1286 1112 1472 960 1165 1220 1118 1143 1061 973 811 612 77 44 41 44 46 48 48 49 70 61 55 59 63 65 66 70 91 128 180 210 194 174 178 170 188 203 224 232 244 250 254 268 284 287 293 302 308 311 312 318 304 343 355 375 415 402 402 393 413
691 726 858 931 1043 1204 1408 1394 1412 1437 1410 1340 1275 1286 1265 1195 1222 1182 1067 985 913 850 862 902 989 1129 1197 1242 1171 1166 1178 1131 1020 1330 950 1063 1032 1237 1057 1033 1032 942 767 385 69 46 41 43 44 45 46 47 55 51 56 57 61 63 64 72 89 123 164 194 195 236 219 212 222 235 233 237 244 257 280 302 314 307 295 308 308 320 337 320 316 336 358 414 448 384 370 390 386
939 978 1184 1352 1408 1386 1244 1141 1186 1192 1194 1117 1006 1107 1260 1217 1136 1091 1094 1038 963 883 874 898 977 1085 1193 1244 1229 1127 1092 1178 872 876 736 1175 929 1106 818 1097 960 841 749 341 62 44 40 41 42 42 41 45 52 48 53 56 60 58 61 73 89 118 170 207 252 279 267 265 276 287 257 242 251 270 277 288 298 320 289 305 311 315 341 318 311 340 385 432 440 405 380 365 347
1231 1396 1429 1179 1018 1173 1253 1062 1191 1189 1082 997 929 737 740 793 863 949 987 943 941 902 883 928 1022 1085 1063 1063 1075 1004 872 684 677 658 589 699 745 659 451 817 918 729 591 380 53 38 38 39 40 39 40 46 49 42 51 54 58 56 59 70 84 112 153 196 236 272 271 283 305 290 262 229 244 260 280 279 270 276 254 268 291 320 309 303 320 350 416 493 462 424 375 340 327
851 953 995 995 884 965 957 738 832 803 743 790 737 597 856 894 762 750 742 687 722 724 736 728 795 779 887 1050 1109 798 594 539 527 485 385 508 670 310 340 778 940 565 509 508 190 50 35 38 36 36 34 31 33 35 42 48 52 55 56 64 78 105 135 163 197 224 255 273 279 255 232 213 225 241 267 240 235 257 241 237 259 267 299 307 322 377 412 497 472 408 378 347 322
