markdown_tutorials/Maxent_Alex/sdm_pakistan_maxent/Env_layers/aprec_worldclim.asc
NCOLS 120 
NROWS 120 
XLLCORNER 60 
YLLCORNER 20 
CELLSIZE 0.166666666666667 
NODATA_value -32768 
[rows 0 to 41 of 120, columns 0 to 95 of 120]
121.000000000000000 121 120 122 123 122 123 122 121 122 122 121 123 123 124 124 124 124 126 125 130 130 136 139 145 150 154 161 168 173 185 200 217 230 234 245 254 267 282 297 316 335 364 412 392 389 440 458 425 418 443 453 475 478 487 498 503 566 595 550 669 665 587 529 577 532 442 502 549 558 575 568 435 539 684 654 527 455 425 421 340 373 359 332 286 267 251 252 253 231 209 199 186 165 149 131
123 125 124 122 123 123 124 124 123 123 124 123 123 125 124 123 124 126 126 128 130 133 135 140 144 150 156 159 166 174 182 190 203 223 256 281 264 269 289 306 321 337 353 366 377 413 499 534 597 588 586 692 659 634 646 664 719 778 810 783 793 869 817 821 779 680 700 836 856 829 882 779 618 658 648 655 524 438 415 342 339 355 312 273 251 242 224 211 200 186 177 166 157 145 123 106
124 123 125 125 124 124 126 124 125 125 125 126 126 125 123 124 126 125 126 128 130 132 139 140 146 150 158 163 169 177 184 190 197 211 223 235 254 264 290 318 338 353 356 364 385 492 593 657 717 801 816 898 898 912 903 942 981 1026 1061 1050 1064 1038 1062 1059 952 797 786 861 919 861 670 501 497 399 307 303 311 327 320 320 338 347 312 309 281 242 207 199 183 167 150 144 131 119 102 85
125 125 125 124 126 126 123 124 125 124 126 127 124 125 125 126 126 126 127 128 131 134 137 143 147 152 157 164 170 178 183 191 198 206 217 229 242 261 298 370 408 425 403 403 428 494 500 560 621 721 770 793 868 908 924 926 964 965 981 993 1001 986 961 949 891 925 901 682 770 641 455 537 652 494 575 587 613 643 614 470 481 467 362 311 253 218 216 201 163 147 133 120 105 94 80 71
126 127 127 127 126 123 124 124 126 125 125 126 126 126 128 129 127 129 130 131 132 136 139 144 150 156 162 169 174 177 185 190 199 206 216 227 241 253 276 301 332 398 419 505 582 647 647 814 793 952 913 839 960 969 1003 1013 1036 1058 1051 1000 950 882 907 863 740 704 704 524 482 474 819 907 777 666 700 707 731 710 637 473 411 434 372 265 241 274 254 226 185 157 119 103 93 81 73 69
133 132 130 130 130 127 127 128 127 128 127 128 127 129 130 128 129 130 130 133 135 138 143 147 151 157 167 172 177 181 187 192 199 206 215 226 235 250 262 276 289 314 383 506 623 811 878 889 922 935 890 962 938 968 1040 994 966 1055 1015 1009 861 784 786 733 675 663 664 675 830 743 703 829 924 699 741 724 742 679 566 469 311 310 404 309 284 204 152 175 233 164 124 107 87 76 71 65
136 133 132 131 132 130 129 129 128 130 130 129 130 131 131 132 133 133 134 135 138 141 146 151 156 161 170 174 180 182 187 193 198 204 213 221 231 240 252 267 293 338 394 520 753 807 729 808 871 956 944 982 869 895 989 898 957 930 933 844 756 833 832 887 827 726 724 880 798 736 971 997 995 830 871 801 670 649 553 391 315 341 362 314 227 188 168 142 159 167 175 106 88 78 70 63
140 137 136 136 133 130 130 130 131 132 132 133 132 133 133 136 136 137 138 138 142 147 152 155 160 167 172 176 182 184 188 191 197 202 208 217 225 233 247 284 371 534 579 638 784 745 580 696 808 766 748 769 730 824 871 820 855 888 803 834 888 843 837 792 731 777 839 669 868 822 854 873 763 929 856 709 637 587 476 370 346 335 324 261 234 201 201 174 148 105 146 102 96 80 75 65
144 140 138 138 134 132 132 134 132 134 134 135 137 137 137 139 139 139 140 143 147 152 158 162 168 172 176 181 186 188 189 192 196 200 206 213 227 238 263 301 366 463 551 658 658 635 532 548 515 507 578 595 618 648 653 734 815 852 828 822 864 853 843 842 788 760 795 881 929 877 586 606 776 864 850 720 490 482 328 427 424 332 274 231 187 164 149 156 146 113 140 192 120 94 94 79
147 146 142 139 138 136 134 135 135 138 136 137 140 143 145 146 145 146 149 151 156 160 165 171 177 178 181 184 187 189 193 193 196 202 209 216 231 254 278 310 376 446 497 618 614 657 417 361 381 464 549 563 600 651 657 648 707 744 729 785 814 837 853 830 698 635 598 729 699 584 678 663 680 796 621 493 465 470 393 439 420 347 294 194 133 130 116 121 135 121 92 123 114 89 73 68
152 150 146 142 142 138 137 136 138 139 140 143 146 149 151 152 155 157 159 161 164 168 175 179 184 185 188 190 192 191 195 195 197 200 205 219 237 259 287 333 399 395 456 457 431 393 335 323 383 490 519 600 584 501 572 667 659 619 661 700 765 826 855 721 841 724 854 617 488 626 714 705 710 435 452 425 449 399 379 335 263 268 238 173 104 113 126 133 111 89 174 127 117 87 74 65
158 154 149 147 144 141 139 140 139 141 142 147 151 156 159 161 163 165 168 171 175 180 184 188 193 195 196 197 197 198 195 194 194 195 198 210 234 257 287 353 415 384 307 304 313 292 286 310 422 473 472 525 406 452 556 508 528 547 582 610 757 762 737 804 915 868 884 611 668 680 650 482 463 511 613 574 542 453 451 375 317 220 160 111 119 89 85 83 108 99 74 93 95 76 62 52
162 157 154 151 148 143 141 139 140 144 146 151 158 163 168 171 174 177 180 184 187 192 197 200 203 208 208 207 207 202 198 195 194 193 197 199 224 242 261 384 372 276 258 264 252 253 266 313 464 377 535 420 319 407 479 462 531 461 457 633 745 644 838 778 790 869 702 519 557 465 559 551 676 680 660 573 491 401 431 363 294 224 199 152 126 109 107 82 88 105 70 62 71 77 51 55
166 160 157 154 151 146 143 141 141 143 149 157 167 171 177 182 186 190 193 196 199 204 208 213 217 220 220 217 215 213 207 201 196 194 195 188 193 202 274 398 267 231 213 212 223 234 262 328 383 365 419 351 296 339 414 414 437 414 507 667 765 625 763 811 824 739 628 772 755 486 706 570 536 483 436 414 411 283 260 209 222 195 153 152 140 120 101 89 80 104 90 57 57 57 59 50
170 166 162 158 155 147 145 142 140 145 152 162 174 183 186 193 199 204 208 211 216 219 224 228 231 234 232 231 230 224 217 208 201 192 184 178 174 179 207 244 206 186 186 194 203 227 246 295 289 328 307 293 301 325 448 451 376 388 451 509 606 600 669 700 774 664 671 773 636 537 484 633 675 637 531 429 473 339 286 291 304 254 199 183 141 117 102 101 82 91 94 71 60 58 63 62
176 172 168 163 159 154 150 145 144 145 154 168 179 188 196 203 211 216 222 226 231 236 241 245 246 249 252 250 244 237 226 218 209 196 188 179 172 172 178 176 172 170 174 178 189 213 226 283 264 300 290 280 309 336 414 470 361 385 500 667 677 718 752 712 709 656 671 719 570 478 594 680 605 478 387 437 442 392 314 237 220 202 176 162 151 145 114 98 79 82 91 81 58 72 59 54
182 177 173 169 166 159 157 154 151 154 166 175 184 194 204 211 222 230 239 246 253 255 261 266 268 269 270 269 265 253 242 230 216 202 193 182 175 173 170 169 167 165 166 167 176 192 212 253 243 279 262 280 290 304 324 403 373 431 540 694 665 624 584 612 673 638 665 756 609 604 556 532 459 452 480 483 400 312 308 330 330 263 228 208 160 126 129 130 113 102 91 77 59 69 64 50
195 185 179 176 172 168 165 164 164 169 176 184 195 206 212 220 231 244 254 263 269 278 285 289 292 293 293 292 285 276 261 243 227 209 198 188 181 175 172 170 169 164 164 168 176 188 202 236 233 251 266 279 305 350 340 356 381 442 581 662 574 591 616 562 568 598 638 616 602 679 713 598 626 598 513 419 327 408 410 367 281 227 208 168 156 164 155 130 106 88 87 87 65 70 70 52
229 203 189 184 180 176 175 175 175 180 189 198 207 215 224 232 243 256 269 279 288 298 305 314 320 325 326 325 316 300 283 260 238 217 204 192 183 179 175 173 172 172 170 172 180 188 200 215 227 248 267 281 306 347 362 407 435 497 497 562 519 609 650 740 647 549 602 773 702 638 762 685 523 399 442 469 407 357 316 313 197 237 224 192 198 176 149 129 107 101 90 91 93 72 75 52
245 232 204 196 189 186 186 186 185 191 200 210 217 228 233 244 258 268 282 294 308 317 329 340 350 359 365 367 355 334 312 282 260 230 210 201 194 184 178 176 174 176 178 184 198 201 207 216 232 247 286 317 303 327 374 433 427 474 578 668 618 705 752 846 768 606 648 817 732 523 655 508 568 639 593 432 421 344 350 328 273 269 257 220 175 164 143 125 102 95 99 96 93 92 74 75
259 233 236 221 210 203 198 197 197 202 212 222 229 241 247 255 275 290 301 314 324 333 347 357 367 381 390 398 393 372 340 309 276 246 221 212 208 197 203 228 212 200 215 270 315 295 266 283 276 277 285 321 349 333 389 496 488 578 636 670 879 724 849 945 759 661 765 745 635 727 671 718 716 589 402 411 401 340 347 287 229 258 189 183 162 187 186 151 114 106 107 102 95 98 95 65
288 269 254 244 228 219 207 209 208 216 224 233 242 252 260 260 283 306 319 330 337 347 358 371 381 393 403 418 426 408 368 327 292 262 239 227 220 216 213 222 203 195 256 387 379 301 272 269 328 346 313 314 335 365 455 500 571 715 930 799 975 953 1006 1010 775 863 885 796 767 788 796 745 590 488 362 387 404 442 372 268 215 267 214 175 217 165 164 169 137 119 131 108 88 92 90 78
264 274 271 259 246 232 227 222 230 230 235 243 252 261 268 269 289 306 321 335 345 356 365 375 382 392 407 425 438 410 371 339 305 277 255 234 233 254 241 225 215 206 232 272 306 311 285 285 328 357 353 319 294 377 466 551 911 823 1095 889 927 1044 1085 990 881 975 916 870 846 744 724 709 509 408 438 446 457 409 383 309 248 224 176 227 218 174 163 151 146 139 143 157 120 99 93 88
253 256 257 265 270 259 243 240 247 245 246 253 263 272 277 281 284 307 324 335 343 354 362 373 383 390 398 409 406 388 357 333 311 297 281 262 239 230 226 224 217 223 226 247 289 314 345 398 360 393 430 290 326 404 437 644 841 709 944 1086 1032 1012 1067 1005 900 921 931 883 807 710 621 597 496 633 537 519 477 437 392 369 340 324 267 215 204 185 207 193 180 165 143 125 118 113 111 97
266 267 272 272 282 284 270 251 254 263 266 272 276 282 286 287 293 300 313 331 343 353 361 368 376 381 385 385 373 358 335 322 309 320 332 299 259 240 233 230 237 248 254 246 265 362 463 388 362 489 420 276 333 441 585 716 952 814 1025 1134 1107 1102 1047 985 997 927 965 857 816 745 590 582 632 666 613 589 542 504 469 417 373 345 322 299 271 221 203 211 199 185 155 143 126 110 102 90
286 288 284 290 287 275 266 261 280 276 273 269 285 286 294 291 309 310 316 329 340 347 357 365 370 368 364 356 345 333 320 311 304 323 323 313 289 312 331 316 310 252 286 291 304 357 335 330 503 663 436 357 362 508 647 748 874 1104 1152 1140 1102 1098 1082 1053 994 994 944 867 815 778 612 691 673 686 633 584 555 509 479 439 379 365 348 325 309 286 272 231 248 213 186 158 150 129 112 100
265 273 288 287 295 290 271 259 271 272 270 272 288 298 300 300 316 321 332 335 341 355 362 365 364 356 350 342 337 335 311 308 334 305 315 325 335 360 411 374 272 319 411 337 424 378 357 386 610 556 372 359 381 484 647 747 909 1073 1129 1049 1096 1096 1055 1049 1028 991 949 859 841 796 700 710 714 675 640 605 581 533 515 478 425 385 360 351 363 342 303 299 282 242 234 211 170 154 123 106
287 262 259 267 281 297 283 260 269 278 278 280 288 297 301 309 326 330 347 359 350 364 367 363 358 363 360 346 332 323 325 327 327 321 343 366 411 391 311 325 362 433 370 432 391 400 306 385 379 287 417 659 844 924 1072 1145 1152 1059 1026 1115 1082 1044 1049 1042 1005 965 957 881 826 821 804 785 768 720 691 663 635 601 571 543 506 480 458 412 372 381 374 338 321 291 221 196 210 182 159 116
274 290 266 253 252 257 258 263 276 275 274 283 294 303 310 325 334 337 349 356 347 347 347 345 339 333 324 313 301 302 317 326 342 352 320 350 343 309 338 425 453 398 359 394 406 218 233 216 269 393 771 903 1022 1041 1014 824 831 995 1072 1114 1030 903 978 1038 968 934 934 904 876 894 864 937 863 783 760 766 688 681 677 654 591 544 513 495 499 474 384 335 375 351 256 212 193 209 165 159
260 261 256 248 243 244 243 256 272 273 277 287 294 304 310 323 334 346 353 355 346 342 337 331 324 317 310 303 294 296 278 278 312 289 352 361 404 312 316 393 412 435 385 469 383 270 313 368 429 712 786 828 721 658 617 468 594 837 1014 1020 1002 858 822 933 891 859 946 885 877 947 1035 1054 1017 918 936 882 808 851 808 709 637 588 567 530 495 459 406 369 420 344 311 240 226 194 161 176
264 256 241 236 236 233 235 246 262 280 282 290 300 309 314 326 337 341 345 342 338 331 327 319 314 310 306 303 307 300 309 269 264 268 309 364 363 387 381 310 404 446 413 385 399 344 416 382 366 498 512 470 526 687 554 398 475 509 714 952 699 810 625 922 850 791 775 795 930 907 956 992 1049 1044 1002 1021 1000 967 891 779 698 696 667 602 575 587 566 459 410 419 334 295 270 205 161 144
224 248 238 226 223 223 227 237 251 269 286 295 305 311 319 323 331 332 331 331 323 321 316 314 317 312 302 303 308 297 305 281 286 309 314 325 348 328 353 414 316 322 311 338 404 379 323 306 483 573 540 577 696 796 417 409 591 457 537 695 515 488 668 851 848 685 651 824 716 766 814 960 922 949 1036 1082 1077 1085 1052 935 854 850 696 719 757 760 748 669 627 522 441 355 289 238 226 164
203 215 236 221 215 218 225 230 240 256 266 280 290 305 308 319 320 328 335 329 326 328 326 319 326 315 325 299 284 271 264 253 263 270 264 275 295 311 327 359 377 344 404 411 393 458 461 546 509 500 634 685 687 594 383 351 479 453 426 434 365 343 425 396 499 567 732 576 596 755 759 765 785 966 971 1076 1087 1171 1192 1133 1066 925 873 863 859 835 829 750 684 657 576 432 290 274 248 243
189 194 209 216 211 214 222 224 225 235 245 258 269 279 285 294 310 326 313 299 299 308 319 303 295 299 291 284 282 269 268 283 280 294 295 308 322 327 345 340 345 353 328 364 321 303 247 269 389 442 518 466 400 438 376 412 519 576 552 559 470 361 244 258 331 408 512 492 539 604 600 644 682 788 889 961 1072 1189 1321 1425 1319 1055 908 934 886 831 858 793 826 619 525 449 335 337 318 274
171 173 179 187 197 205 207 212 217 233 247 248 253 262 265 269 276 280 283 301 308 301 297 293 290 303 302 291 293 293 291 290 278 290 292 299 289 287 305 316 330 313 341 290 278 353 379 309 314 302 381 418 419 396 340 441 653 699 615 624 574 484 368 309 281 326 382 433 451 445 502 560 581 624 707 852 1032 1078 1276 1256 1218 1012 941 976 927 866 809 751 789 907 737 616 456 335 249 300
163 163 163 169 174 179 191 200 213 236 234 237 246 255 264 275 288 295 295 295 298 287 292 294 294 288 288 285 286 282 275 279 285 274 270 293 288 267 276 294 333 343 299 269 329 345 364 313 306 354 327 315 313 309 314 437 701 679 729 834 812 771 716 623 525 564 557 524 386 399 458 523 555 579 614 672 823 872 1162 1176 1183 841 787 885 856 927 905 776 718 803 836 723 538 430 285 314
164 161 156 159 170 169 181 195 211 214 218 226 240 251 259 274 295 298 295 287 281 283 296 295 292 291 292 278 275 270 284 279 293 287 260 280 280 257 313 313 325 309 265 285 352 372 404 352 376 384 345 337 317 284 321 471 638 607 607 677 754 807 851 860 820 723 587 496 421 412 464 540 561 541 573 646 769 860 1071 1057 984 889 643 799 843 977 881 975 842 711 832 960 608 581 375 279
157 159 148 149 154 159 169 188 188 192 204 216 227 230 241 259 264 278 277 288 298 301 285 289 277 272 273 285 278 274 282 264 264 254 256 290 268 247 286 255 232 249 322 373 331 415 363 357 379 292 279 315 370 338 420 484 492 549 566 645 694 640 714 797 789 776 663 572 519 485 544 538 510 525 557 627 724 877 981 1011 920 843 647 648 657 770 942 923 1025 878 759 875 855 696 570 436
149 145 141 141 147 149 156 164 170 179 189 198 205 211 221 242 246 248 276 281 265 253 250 253 263 265 271 270 274 286 271 270 245 236 253 292 241 224 237 239 288 350 357 299 347 426 335 345 319 286 257 285 330 351 343 365 490 566 538 553 585 496 581 668 637 624 553 513 515 507 505 476 488 519 565 620 705 830 923 944 960 965 884 813 694 704 940 876 962 1015 1000 1036 960 734 796 545
172 146 134 131 136 139 144 152 157 164 177 182 183 183 191 201 214 229 234 221 224 236 257 248 250 261 280 275 266 264 252 260 250 247 229 278 243 222 243 255 276 315 296 324 322 373 355 384 300 250 242 247 277 282 308 440 417 473 485 477 442 482 428 431 474 541 541 502 496 488 476 465 484 513 545 599 665 737 814 845 881 954 999 932 754 711 795 943 960 981 1014 1081 907 1011 963 812
182 166 132 126 132 133 136 142 148 153 163 164 163 164 175 189 197 194 204 200 210 217 210 220 232 245 270 269 267 257 247 255 246 230 238 250 233 242 272 316 307 297 321 332 295 305 305 253 223 222 231 254 261 283 362 452 410 428 441 463 494 437 398 387 453 464 475 490 494 481 464 477 480 492 522 557 594 660 717 746 802 923 1013 987 852 845 846 851 971 1052 1109 1141 1124 1056 1069 874
160 167 134 122 124 123 128 131 134 143 152 150 144 160 166 163 168 187 193 199 184 199 226 229 256 275 272 258 241 225 226 261 234 223 242 240 250 266 288 290 273 314 311 304 261 268 242 215 209 217 251 272 269 305 376 396 412 434 462 462 438 395 352 348 366 386 442 506 509 475 442 446 460 478 496 519 552 594 639 690 763 856 939 991 933 940 1007 1032 1190 1151 1147 1195 1213 1186 1218 1209
