markdown_tutorials/Maxent_Alex/sdm_pakistan_maxent/Env_layers/aprec_worldclim.asc
NCOLS 120 
NROWS 120 
XLLCORNER 60 
YLLCORNER 20 
CELLSIZE 0.166666666666667 
NODATA_value -32768 
[rows 42 to 83 of 120, columns 0 to 95 of 120]
143 140 127 116 110 110 116 121 121 124 127 130 133 138 137 143 141 144 156 167 173 207 226 250 258 235 241 236 210 217 240 249 219 219 241 262 251 259 266 260 284 340 291 238 263 246 220 202 206 230 245 249 287 333 343 355 366 393 413 435 407 367 337 320 331 364 427 403 399 417 433 439 455 468 479 491 510 531 572 627 696 773 841 900 942 979 1066 1187 1321 1379 1487 1401 1286 1131 1172 1167
137 131 122 111 103 102 103 108 114 112 107 117 118 108 112 118 124 135 139 148 158 182 189 220 222 221 219 198 191 212 232 239 217 232 250 246 250 254 274 298 315 322 264 234 236 215 199 200 207 217 231 253 313 312 334 336 391 420 471 465 439 398 338 310 320 341 379 364 375 398 432 429 445 463 470 486 488 497 523 564 623 683 745 789 838 905 999 1105 1215 1324 1495 1628 1454 1469 1470 1611
135 130 128 106 96 94 96 107 103 95 93 93 90 92 101 108 116 125 139 148 161 162 179 189 193 208 191 181 179 200 212 217 202 227 235 244 255 277 311 278 267 259 245 244 225 219 214 208 209 218 235 263 276 279 323 341 407 442 443 435 424 430 343 310 312 329 344 355 361 371 391 438 455 463 448 442 435 442 467 506 553 601 641 679 719 783 862 894 1000 1117 1261 1474 1643 1725 1787 1954
128 121 128 123 97 87 87 91 86 86 83 84 80 86 95 123 124 117 120 122 136 135 146 160 184 180 165 164 165 172 177 190 225 234 242 257 268 283 282 268 266 261 260 241 234 239 223 215 219 231 245 259 266 267 300 344 371 378 396 381 348 329 287 295 315 343 361 350 335 346 357 378 409 407 411 416 415 410 429 459 490 527 558 587 610 660 720 706 802 925 1037 1155 1325 1537 1678 2013
134 118 104 108 101 83 81 81 81 79 74 74 73 77 84 91 92 93 99 106 110 117 125 140 153 151 150 149 151 160 174 203 230 243 253 255 263 261 263 266 273 271 262 250 248 232 227 233 241 250 260 281 285 279 275 307 323 328 349 344 313 275 264 272 299 316 322 299 309 318 328 340 358 376 396 406 408 403 407 423 444 471 497 526 558 596 632 656 706 791 874 983 1118 1307 1552 1823
127 127 99 96 91 82 77 74 73 71 69 70 69 70 75 80 83 87 91 96 100 108 116 124 128 129 133 139 144 151 175 195 220 224 233 234 242 249 264 273 276 278 267 263 251 248 249 252 255 250 260 262 268 295 266 273 287 292 290 303 264 250 253 258 266 271 270 276 282 289 298 311 330 350 376 398 404 389 385 394 407 426 456 496 546 585 608 630 660 708 784 880 995 1128 1362 1652
115 128 101 99 90 77 71 69 68 68 66 66 66 66 71 73 77 81 85 88 94 100 104 108 111 115 121 127 133 154 177 206 209 207 210 208 220 244 252 259 271 275 273 266 259 248 253 252 249 249 250 257 257 276 278 261 268 291 297 342 275 241 243 249 255 253 253 254 257 263 272 283 302 326 348 369 375 366 364 366 379 399 431 476 528 575 605 630 654 688 741 810 899 1001 1216 1521
110 109 98 91 85 77 71 64 62 62 63 63 61 64 65 69 72 75 77 82 87 93 95 98 101 102 107 115 124 140 158 173 186 187 189 200 212 227 246 257 259 273 277 267 256 255 253 248 245 246 246 248 251 267 274 288 273 288 325 362 275 239 233 239 239 239 226 228 233 242 248 258 279 299 322 339 344 340 340 350 362 382 413 458 515 573 612 635 668 695 717 759 829 899 1046 1382
99 94 88 81 81 76 67 61 60 59 59 59 60 62 64 64 66 71 74 79 82 87 89 93 93 95 99 112 121 131 142 156 166 169 176 186 203 218 229 241 253 265 269 265 262 260 254 249 245 246 243 246 249 259 274 279 284 291 354 383 295 250 227 225 223 219 211 211 216 223 233 241 256 278 299 319 331 331 333 338 345 365 397 439 497 568 615 627 654 681 685 722 769 827 924 1065
96 84 82 83 74 69 66 59 57 56 57 55 56 58 59 61 66 71 75 77 78 81 83 86 88 90 99 114 124 132 143 153 162 169 174 185 203 218 234 242 261 269 270 266 269 268 265 259 255 253 246 244 249 268 277 271 271 306 341 355 316 247 221 215 212 209 203 201 203 208 215 223 238 255 281 308 327 341 343 336 331 347 375 413 463 517 558 575 595 604 627 679 732 776 821 895
113 83 76 76 75 67 64 59 56 56 54 54 55 54 56 57 60 65 70 71 75 76 80 81 83 88 100 113 126 134 145 158 166 174 183 189 207 222 232 245 269 273 272 273 274 272 272 268 262 257 258 257 258 263 261 255 280 311 331 337 325 252 220 208 207 201 198 196 191 193 197 203 216 238 265 303 336 352 348 334 323 332 355 383 419 449 476 510 541 549 572 630 680 718 714 776
90 83 75 69 69 63 59 58 58 54 54 53 52 54 54 56 58 61 68 71 75 74 77 80 81 85 98 114 125 133 143 154 164 175 184 190 201 209 223 247 274 277 280 281 278 281 280 271 268 264 251 240 243 260 252 256 290 308 325 312 311 254 220 205 200 199 195 187 185 183 182 185 195 220 251 296 346 365 348 328 318 320 335 357 377 397 415 469 522 535 547 578 609 644 678 747
85 88 83 72 65 61 58 58 58 55 55 54 52 52 59 60 60 66 66 69 71 75 74 77 78 87 98 114 124 130 138 148 160 172 181 189 197 205 223 261 270 279 280 279 281 293 281 266 247 236 234 227 224 234 242 267 291 313 312 315 326 266 223 200 193 193 187 182 177 173 169 167 176 201 232 279 349 364 335 315 305 308 317 331 343 360 393 461 519 514 520 540 578 626 681 742
95 95 93 88 66 60 59 57 57 54 52 52 53 53 58 60 60 62 64 66 69 70 72 75 76 85 96 110 117 126 135 144 155 165 175 183 193 204 236 254 253 257 262 269 280 281 274 272 253 222 206 204 218 233 251 270 286 302 307 313 341 262 227 194 185 184 180 176 172 167 163 158 163 192 217 257 301 315 298 288 287 293 298 308 316 333 375 431 466 473 479 503 556 615 661 690
95 96 91 93 73 59 57 56 57 53 52 52 51 51 53 52 58 59 63 63 62 64 67 72 76 85 97 107 114 120 129 141 149 159 166 173 179 202 243 236 242 251 263 269 274 285 291 278 263 248 235 231 233 240 254 267 290 301 309 312 320 257 230 190 177 174 170 171 167 165 163 159 168 183 207 232 259 269 267 264 267 274 287 297 302 314 359 404 430 437 439 463 526 600 635 643
107 100 91 89 72 59 57 56 55 55 54 53 52 50 49 52 56 58 57 57 61 69 68 70 76 87 97 100 106 116 123 135 143 150 157 162 171 203 225 229 242 255 266 267 271 280 294 294 272 255 237 230 234 245 260 278 296 315 327 332 332 279 231 184 171 166 165 165 166 168 165 162 169 178 195 211 228 237 238 238 242 257 275 296 303 311 350 395 418 415 394 411 482 558 589 618
106 98 95 90 71 59 58 57 56 55 52 52 51 51 50 51 52 53 54 57 63 70 71 74 80 88 93 97 101 108 114 125 133 139 146 151 159 185 206 218 239 249 253 281 260 269 279 280 272 261 255 248 251 257 272 292 310 331 345 345 352 268 219 171 159 160 159 160 167 170 168 167 168 173 184 196 207 215 219 221 227 243 263 282 288 302 343 391 416 418 382 391 458 507 530 571
114 98 93 100 79 60 57 56 56 55 53 51 51 49 49 51 52 52 54 58 64 70 75 78 83 87 90 94 99 104 110 119 126 133 138 142 152 188 197 205 226 234 244 252 249 260 283 315 293 277 268 264 260 267 280 304 328 344 359 357 346 251 197 166 155 157 158 157 163 167 165 160 162 163 173 183 195 199 203 208 220 235 255 270 275 291 329 375 402 410 400 434 458 477 495 544
96 100 94 106 96 73 62 57 55 54 53 49 49 48 46 48 50 50 55 62 70 75 78 82 85 85 88 94 97 102 109 114 122 125 130 133 159 184 185 191 198 213 220 227 237 234 223 248 254 284 278 273 269 284 297 317 340 363 375 370 314 229 195 172 164 158 156 155 158 157 155 154 153 158 165 175 182 191 195 199 212 229 245 258 265 277 304 338 367 382 392 417 436 429 441 466
102 110 105 99 108 93 74 61 57 54 52 48 48 49 49 49 50 54 60 66 78 79 84 89 90 93 96 99 102 100 103 108 114 119 124 126 156 169 172 187 189 202 206 208 181 197 185 178 200 216 263 272 279 287 299 313 329 351 358 358 255 222 205 188 172 159 153 151 148 151 150 148 147 151 159 168 178 186 192 197 208 218 227 237 243 257 278 308 333 352 372 393 402 391 375 374
122 119 115 114 110 104 106 84 63 56 55 54 52 50 50 52 53 58 63 72 86 87 91 96 99 105 112 108 101 95 99 105 110 113 117 121 141 156 164 178 184 201 197 194 172 149 138 142 153 184 237 263 272 281 286 305 317 316 332 314 237 228 218 203 183 161 148 145 146 146 143 142 142 148 159 169 177 185 192 194 198 199 204 214 223 235 258 282 306 325 348 373 389 385 372 384
119 115 117 129 116 108 102 106 88 63 57 57 55 53 53 57 58 59 63 73 85 93 103 103 107 114 105 97 91 93 97 101 106 109 114 119 138 158 167 168 183 196 193 199 169 127 123 128 137 160 192 230 259 265 274 292 291 296 301 280 236 233 239 222 188 157 144 141 141 143 140 141 144 149 160 168 180 188 193 193 189 182 181 195 211 227 246 267 289 308 330 356 380 395 405 420
101 108 110 123 120 120 106 92 101 74 64 64 60 58 61 67 73 64 57 66 77 77 89 96 97 95 92 88 89 92 97 99 104 106 111 126 151 155 163 172 181 192 188 196 149 115 112 116 121 136 187 227 250 255 270 278 276 276 272 243 219 224 241 226 182 152 139 138 137 140 140 140 144 150 163 173 184 193 198 196 190 176 175 192 207 225 240 261 280 294 312 337 370 408 438 429
118 106 109 117 123 129 115 84 82 76 69 65 62 60 64 63 77 64 55 58 63 67 74 80 83 85 87 87 89 93 93 96 102 111 122 134 149 164 159 168 196 192 194 184 130 107 105 106 108 123 157 185 202 221 244 252 246 244 247 199 194 198 204 191 168 148 136 133 134 135 137 140 145 153 163 174 186 194 198 198 191 186 189 199 214 228 245 260 274 289 300 325 359 397 429 413
102 111 109 118 130 130 113 95 82 69 68 61 57 56 53 50 49 49 49 54 57 62 67 75 78 81 84 86 87 95 106 111 116 112 116 141 157 166 164 181 212 188 172 164 122 103 100 99 102 123 147 187 224 225 230 216 205 202 184 170 169 168 165 156 146 136 132 128 129 132 136 140 146 152 161 171 183 190 196 199 201 203 207 215 225 238 249 265 278 289 302 325 347 371 397 412
96 117 113 120 133 147 131 113 97 76 67 62 56 55 53 47 44 44 46 52 56 59 64 68 76 80 87 92 100 116 118 113 101 107 117 147 164 167 170 191 185 193 186 154 106 103 105 101 104 124 162 190 203 198 191 181 181 172 155 143 141 139 136 127 123 119 123 123 125 129 133 138 145 152 162 171 178 188 196 201 208 216 226 229 239 249 260 275 289 299 310 334 355 367 385 411
91 119 113 117 121 139 166 128 104 85 70 64 61 57 53 49 47 46 48 52 54 57 62 70 81 97 101 97 100 102 95 95 97 102 121 151 165 169 188 202 185 193 184 139 109 109 108 111 122 153 202 224 215 196 176 163 154 143 136 127 119 116 113 109 107 112 117 118 123 128 133 139 146 154 161 171 179 188 198 208 216 231 242 246 251 261 274 292 307 319 331 353 368 374 380 411
89 107 112 114 115 119 118 110 103 115 86 71 64 61 55 53 51 51 52 53 54 58 62 71 80 80 81 80 83 86 88 92 98 108 128 161 167 174 189 186 188 195 185 143 115 111 117 127 148 195 265 278 228 185 160 144 133 125 120 112 101 102 100 102 103 107 113 117 123 128 134 139 145 153 162 172 180 190 201 211 216 232 248 257 263 277 293 317 342 354 359 374 389 390 378 411
102 100 115 118 113 114 114 110 102 126 111 89 76 67 61 56 55 54 55 56 58 61 63 67 69 73 76 78 85 86 91 95 102 119 138 159 163 179 184 191 200 201 197 167 118 115 122 135 158 207 281 280 209 166 141 128 122 116 112 106 101 98 99 100 103 107 112 115 123 127 134 141 149 155 164 173 183 192 205 215 219 231 248 261 274 295 319 349 381 402 394 410 421 423 419 443
141 109 129 122 115 112 113 111 109 121 140 107 98 83 69 62 59 58 57 60 63 66 67 69 71 76 78 81 86 90 93 98 110 137 146 167 169 178 190 201 207 208 189 180 134 116 124 132 151 176 200 186 151 132 118 113 108 108 107 106 100 98 99 100 103 107 111 116 122 128 135 143 153 161 167 175 183 195 208 229 238 247 258 271 289 316 344 379 410 434 440 448 460 461 482 493
120 105 119 128 118 117 117 121 119 116 123 121 123 106 87 73 67 67 64 67 68 69 71 71 75 80 80 85 89 92 97 108 129 147 149 162 169 179 192 209 212 207 207 181 163 118 121 126 132 139 141 125 108 102 101 100 102 103 104 104 100 100 99 102 107 111 116 120 125 132 139 149 157 164 175 181 188 194 200 220 245 261 275 289 308 333 360 395 426 456 467 470 481 491 520 524
103 101 110 114 115 114 123 132 119 119 117 115 136 117 102 87 78 75 73 72 71 71 74 76 79 81 83 88 92 99 111 127 147 149 152 158 160 174 187 204 211 208 199 185 158 117 118 118 118 116 112 102 94 89 88 93 95 98 100 99 99 98 103 107 110 117 121 124 130 135 144 154 164 175 185 191 197 200 200 211 248 277 291 304 321 345 372 400 428 456 465 473 497 516 511 542
101 100 109 111 114 116 120 133 131 119 115 120 118 124 109 99 91 87 86 81 82 80 82 83 83 87 94 101 104 119 136 141 150 148 147 150 163 162 176 189 194 201 201 191 131 117 114 113 109 105 100 99 95 90 88 90 95 96 96 98 100 100 102 111 117 121 125 132 136 143 150 163 176 187 197 204 208 210 216 234 267 290 303 315 331 350 369 393 417 436 446 467 503 502 528 542
101 101 106 113 111 113 127 133 138 125 118 117 123 115 119 117 107 102 101 98 94 93 91 92 95 98 105 119 131 134 136 145 145 155 147 154 156 156 163 179 176 181 185 173 126 119 114 109 106 103 101 102 104 104 97 97 97 98 101 103 101 104 106 116 126 130 137 143 143 149 160 174 188 205 213 217 222 224 234 250 272 289 304 320 330 347 362 383 406 431 452 466 481 506 537 553
102 106 106 111 111 113 120 135 133 140 129 128 121 121 117 123 124 127 127 114 99 106 107 106 110 118 124 125 129 133 139 139 144 154 149 144 146 153 159 170 172 169 177 156 123 119 115 115 110 107 106 107 109 108 104 102 100 103 105 106 106 110 117 131 145 147 150 148 152 158 168 185 204 223 232 237 235 237 247 258 276 287 309 324 336 350 362 380 405 437 458 462 483 511 548 571
108 109 111 114 113 121 133 138 142 135 133 130 130 126 122 119 119 120 115 109 105 104 105 112 115 117 120 124 134 134 131 132 144 138 160 140 148 156 155 161 165 171 168 159 127 122 121 117 115 114 114 114 116 111 108 107 109 109 111 110 112 117 125 140 157 167 168 159 159 164 171 186 208 236 255 253 249 250 257 269 284 295 314 329 337 352 361 383 415 440 456 462 487 523 565 588
116 119 125 125 129 135 145 145 145 146 145 142 140 140 140 134 133 130 122 118 113 109 108 108 113 120 127 130 130 132 135 138 138 154 141 146 149 161 158 164 169 169 166 150 129 129 127 121 121 124 124 122 121 118 117 115 114 114 115 118 115 118 128 146 169 197 182 169 167 169 174 185 204 230 250 256 256 257 266 283 296 314 329 338 344 346 359 394 427 438 451 465 492 533 583 592
131 132 141 147 147 147 142 138 143 144 146 142 139 140 146 142 139 135 132 128 121 118 115 114 120 125 133 136 139 136 138 144 133 137 136 155 150 160 158 168 170 173 171 152 136 133 132 130 129 134 133 128 126 125 126 122 122 121 121 122 122 125 134 148 176 191 182 173 173 179 181 189 206 227 241 254 257 268 280 299 314 329 348 351 351 354 377 417 444 450 457 470 484 523 589 609
148 155 155 143 138 145 147 140 146 147 146 145 142 136 134 135 134 136 135 129 129 123 122 123 126 131 132 132 135 136 132 125 131 134 137 146 152 155 153 168 176 173 170 159 141 141 138 141 140 139 137 137 134 132 132 129 129 127 128 127 128 133 141 154 168 175 169 166 179 185 189 192 207 225 245 259 268 283 300 319 334 350 354 363 367 365 401 481 476 452 447 458 479 513 593 654
134 137 140 138 136 138 140 133 139 141 141 145 145 141 146 145 138 135 133 126 124 123 120 120 124 122 128 137 144 131 124 126 129 134 135 146 155 152 160 175 185 176 173 173 157 148 146 147 146 142 139 139 138 137 136 136 135 135 135 136 139 140 147 156 165 171 170 174 187 192 196 198 208 224 246 264 290 319 335 345 355 360 365 366 367 382 396 511 466 415 440 462 486 536 607 665
123 124 127 127 125 133 132 132 131 132 140 141 144 142 143 142 141 135 131 127 121 121 121 120 122 129 132 127 122 124 132 131 130 134 138 150 159 156 167 176 192 187 175 176 175 168 153 156 149 145 141 140 140 141 143 143 143 142 142 143 146 149 155 163 171 183 191 195 202 206 207 207 213 222 240 267 301 349 369 373 377 380 375 363 386 416 419 425 390 404 455 483 506 561 628 668
114 116 119 120 129 128 129 130 130 127 133 143 145 139 133 128 124 126 126 125 124 128 130 125 125 122 122 123 127 128 126 126 130 149 149 153 163 164 166 176 190 190 186 185 187 185 169 165 151 149 145 147 147 150 151 152 153 150 152 152 155 159 166 173 185 198 212 220 222 226 222 218 215 220 245 281 321 357 385 401 404 402 394 395 418 466 454 411 410 427 487 524 548 574 625 670
