markdown_tutorials/Maxent_Alex/sdm_pakistan_maxent/Env_layers/tmean_worldclim_07.asc
NCOLS 120 
NROWS 120 
XLLCORNER 60 
YLLCORNER 20 
CELLSIZE 0.166666666666667 
NODATA_value -32768 
[rows 0 to 41 of 120, columns 0 to 93 of 120]
298.000000000000000 297 296 295 295 294 294 293 294 294 293 293 293 293 293 292 292 291 291 290 289 289 289 288 288 289 289 289 290 290 285 281 276 274 277 276 277 277 274 273 270 268 258 242 254 263 246 248 263 268 262 260 254 252 249 244 242 229 222 228 202 199 212 219 201 205 222 193 166 153 147 137 166 129 88 86 110 128 124 118 153 117 108 110 136 144 152 125 106 120 134 137 149 181
298 296 296 296 295 295 294 294 294 293 294 293 293 293 294 294 293 292 290 289 288 288 287 287 288 288 288 289 290 290 288 288 285 278 265 257 271 275 271 268 268 266 263 260 258 248 226 221 209 218 224 198 211 219 219 215 200 185 174 178 171 143 151 141 144 162 148 105 94 94 77 93 118 102 96 85 105 118 117 135 126 109 122 139 149 148 159 166 175 177 177 190 187 196
300 299 297 296 295 295 295 294 294 294 294 293 294 295 294 294 293 292 290 289 287 286 286 286 287 287 288 289 288 287 288 289 288 286 283 281 276 276 269 262 258 257 259 258 251 219 196 185 174 155 156 134 139 140 148 135 121 105 89 91 83 87 75 71 97 131 125 101 83 89 116 137 136 147 159 155 149 141 138 132 117 104 110 98 103 116 144 140 155 182 212 206 211 217
302 301 300 298 298 297 297 296 297 296 295 295 296 296 295 295 294 293 290 288 287 285 285 285 285 287 287 288 288 288 288 288 288 288 286 284 281 276 263 236 225 224 238 241 234 219 224 214 204 182 173 173 152 144 143 146 133 133 125 117 109 108 109 106 114 98 98 139 112 133 157 136 111 128 106 93 73 49 47 80 61 48 77 87 106 119 108 111 155 187 212 222 233 242
302 301 300 300 300 299 299 299 299 299 298 298 297 297 296 296 295 294 292 289 286 284 284 285 285 284 286 287 287 288 288 287 287 287 285 283 281 278 272 265 256 233 230 205 187 174 182 135 151 102 125 160 121 124 115 114 106 96 98 117 132 152 131 133 165 161 146 183 179 164 94 69 86 99 87 74 46 28 37 75 79 55 66 97 98 71 70 80 99 129 198 227 240 251
302 301 300 301 299 299 300 299 299 299 299 299 298 298 298 298 297 296 294 290 287 283 283 285 287 286 285 285 287 288 288 287 287 286 285 283 281 279 277 275 272 266 242 204 174 119 104 108 106 109 134 115 132 126 100 126 140 100 117 115 178 200 189 194 196 180 156 137 100 113 110 83 52 92 81 71 43 41 60 71 104 93 44 70 69 99 128 100 52 92 138 179 223 240
301 301 301 300 299 300 300 299 300 300 300 300 300 300 300 300 299 298 296 293 289 286 285 286 287 287 285 287 287 288 287 288 287 286 285 283 282 282 280 275 267 253 236 199 130 119 155 137 123 101 114 108 161 157 126 168 146 161 157 193 226 183 171 128 137 155 140 98 108 113 63 50 31 75 46 45 65 48 57 88 97 75 54 59 85 97 102 114 95 82 71 142 186 205
301 301 300 300 300 300 300 300 301 300 301 301 301 302 301 301 301 300 300 297 293 290 288 288 288 288 289 288 288 288 288 289 289 288 287 285 283 283 279 265 233 180 171 160 118 140 203 175 146 171 188 191 217 188 177 201 193 183 216 201 174 195 179 177 171 135 112 140 93 97 90 85 86 55 43 63 61 62 76 88 82 71 61 74 74 80 71 78 90 132 87 130 143 167
301 301 300 300 300 300 299 300 301 301 302 302 302 303 303 303 303 303 303 301 297 293 291 290 290 290 290 289 288 289 290 290 290 289 288 285 281 277 268 253 232 202 178 151 159 175 217 221 242 257 247 257 265 256 255 232 210 196 205 216 194 181 164 141 144 142 122 95 80 82 136 124 88 42 12 58 95 84 106 63 49 66 74 79 89 92 95 81 81 107 82 34 83 117
300 300 299 300 300 299 299 300 301 301 301 302 303 303 304 304 304 304 304 302 299 296 293 292 291 291 291 291 291 290 290 291 290 287 286 283 276 267 258 247 225 206 195 162 171 165 251 275 277 266 254 261 261 251 250 251 237 230 236 225 216 188 150 147 183 186 176 127 126 142 113 108 96 60 82 98 91 79 83 54 44 55 61 88 108 104 107 99 82 88 115 74 77 106
299 299 299 299 299 299 299 300 301 302 302 303 303 304 305 304 304 304 303 302 299 297 295 293 292 292 291 292 292 292 291 292 291 290 287 280 271 262 252 236 215 221 206 212 228 248 273 283 273 254 255 243 255 275 263 243 247 256 248 240 223 181 148 190 124 148 101 153 172 123 100 96 86 127 114 105 87 89 81 80 91 78 76 93 118 109 94 84 92 110 36 60 62 96
298 298 298 298 298 298 298 299 300 301 302 302 304 304 304 305 305 304 303 301 299 297 295 294 293 292 292 292 293 294 295 294 294 294 292 285 271 262 249 225 206 223 256 262 264 277 284 283 258 251 258 252 280 275 259 271 269 266 260 254 214 201 194 150 100 104 90 146 125 110 110 136 128 106 71 67 62 70 56 64 68 91 104 118 107 121 122 119 90 94 128 97 79 106
297 297 297 297 297 297 297 298 299 300 302 303 304 304 305 304 303 303 302 301 299 297 296 294 293 293 292 293 293 294 295 296 297 297 293 291 277 267 260 211 219 261 271 272 282 287 286 277 242 270 238 268 288 276 269 276 265 280 281 246 213 228 146 154 134 100 134 173 149 162 125 114 76 61 54 63 70 81 57 63 73 86 85 96 101 104 100 116 105 80 132 144 117 95
297 297 296 296 296 296 297 298 298 300 301 302 304 304 304 303 301 300 300 299 298 297 295 294 292 292 292 292 293 294 295 297 298 299 294 299 294 288 253 203 258 276 286 290 289 290 285 269 259 269 260 278 289 284 277 281 280 288 270 234 200 235 173 139 122 135 153 103 96 153 86 108 104 104 104 97 86 109 106 112 96 96 104 95 91 96 102 107 111 74 89 154 140 139
296 295 295 295 295 295 296 296 297 299 300 302 304 304 303 301 298 297 296 296 296 295 294 293 292 291 291 291 292 294 295 297 299 301 303 306 306 303 286 266 285 296 296 293 293 288 286 276 282 275 285 291 290 289 269 273 292 293 280 268 243 238 206 176 136 155 138 100 124 140 139 88 65 62 78 92 66 93 96 83 65 71 82 79 92 98 101 93 107 88 75 112 130 126
294 294 293 293 293 293 294 295 297 298 299 301 302 302 301 298 296 294 292 291 291 292 291 291 291 290 290 290 291 293 295 297 299 302 304 307 309 308 301 303 303 303 300 297 296 291 292 278 289 282 289 296 291 289 276 268 296 294 269 227 221 198 174 171 157 158 139 112 142 154 109 74 81 102 114 88 73 75 88 103 98 95 94 90 84 76 91 97 110 96 75 83 127 87
292 293 293 292 292 292 292 294 294 295 296 297 298 300 299 297 293 291 289 287 286 286 287 288 288 288 289 288 289 291 293 296 298 301 304 306 308 308 308 308 307 306 304 300 300 301 298 287 297 289 300 299 301 302 301 284 295 283 259 218 223 229 235 210 172 166 143 102 132 119 119 114 121 109 88 72 87 102 90 68 53 66 69 65 82 95 79 62 66 63 71 92 134 85
286 291 291 291 291 290 291 291 292 292 293 294 295 296 297 295 291 288 285 283 282 281 281 282 283 284 285 286 287 289 291 294 297 300 303 305 307 308 309 309 309 309 308 306 305 304 303 294 300 299 300 301 300 292 299 299 294 281 248 225 248 239 223 231 212 185 156 146 136 98 72 93 69 64 77 97 114 69 53 54 78 89 85 96 89 67 56 61 74 87 81 69 107 91
264 281 289 290 290 289 289 289 290 290 290 291 291 292 294 293 290 286 282 279 277 276 275 275 275 276 278 279 282 285 288 291 295 298 301 304 307 308 310 310 311 312 313 312 310 308 306 304 304 302 300 303 302 296 296 286 280 266 268 252 263 235 213 169 188 209 173 98 106 114 54 65 107 135 104 78 87 92 95 81 127 88 79 84 62 62 69 72 81 71 84 67 56 86
256 266 283 288 288 288 287 287 289 289 289 288 289 289 291 290 286 283 279 276 272 271 269 267 265 265 267 269 273 279 282 285 287 294 299 300 302 306 309 311 312 313 316 314 305 305 304 305 301 302 292 289 305 306 294 277 282 273 248 224 236 205 182 136 149 194 162 85 100 158 95 132 92 47 49 98 86 105 85 78 92 77 66 77 90 82 87 95 134 112 81 70 57 53
245 269 266 277 282 284 285 284 287 288 287 287 287 285 287 288 279 274 272 268 266 265 261 260 260 258 262 264 268 275 277 280 284 287 294 295 293 297 289 269 282 298 288 253 232 250 272 270 279 285 290 283 284 301 286 257 265 246 233 225 158 204 153 101 160 182 125 117 141 88 92 53 33 72 135 115 104 114 94 110 130 93 131 122 127 73 56 85 126 134 86 67 64 49
223 244 261 269 280 283 284 283 286 286 286 286 285 284 284 290 280 268 265 263 262 261 259 256 255 259 262 265 268 271 272 274 278 283 288 286 284 282 280 271 290 299 252 183 191 239 262 271 252 253 273 280 280 280 260 255 243 210 151 191 129 124 89 70 162 108 78 102 95 67 38 42 99 126 167 139 110 73 92 137 156 100 131 155 82 131 95 84 96 143 79 93 113 71
247 245 250 267 280 286 285 284 282 284 285 285 283 282 284 289 282 275 269 263 261 255 257 255 262 265 266 266 265 261 258 268 271 275 277 282 273 245 251 265 274 285 262 235 219 225 249 257 246 244 254 272 284 270 255 242 157 184 92 168 150 90 42 86 122 52 68 71 63 96 83 69 150 182 147 124 97 105 100 130 157 159 198 120 108 166 165 167 165 116 60 29 66 70
260 264 270 271 274 284 286 284 280 283 285 285 283 282 284 288 290 280 274 271 268 264 263 260 258 259 261 265 263 262 255 251 247 237 240 250 264 263 261 261 266 261 259 243 216 210 205 193 223 222 224 279 273 262 262 219 178 216 154 98 106 114 59 82 122 94 65 72 95 127 153 145 176 77 111 98 102 103 114 109 108 96 135 178 183 209 117 111 77 71 87 86 64 51
246 251 257 265 261 263 273 285 282 277 278 277 279 281 284 289 290 290 285 278 272 269 266 263 258 260 261 261 255 248 227 221 212 183 167 193 230 244 244 244 233 221 218 231 220 175 148 186 212 180 222 282 271 251 224 202 150 192 130 69 74 51 84 105 71 100 43 101 102 123 193 175 122 70 80 70 77 81 79 97 113 112 109 107 127 206 226 162 165 76 90 117 117 85
219 226 238 237 250 272 281 283 268 272 278 284 279 283 283 291 283 287 286 282 277 274 269 260 250 242 229 232 216 207 205 221 197 164 164 169 188 171 160 167 170 211 187 185 179 161 179 196 154 127 208 251 261 232 208 195 173 103 72 66 80 65 50 53 82 53 73 109 123 125 223 140 121 76 92 103 98 112 105 120 159 152 140 158 115 113 143 235 191 121 119 102 140 134
238 238 229 237 234 248 274 287 278 278 284 287 281 279 284 289 283 283 280 280 276 259 242 226 214 203 186 192 170 166 187 190 154 168 157 151 149 136 117 135 185 168 125 151 127 146 158 159 118 150 225 247 253 237 211 198 166 120 94 132 86 68 88 61 54 68 81 144 129 146 237 172 121 135 135 146 124 154 126 147 207 234 231 228 189 141 116 211 148 130 158 162 139 168
213 248 258 259 249 236 259 285 280 275 281 283 284 283 286 286 279 280 269 249 259 216 179 172 170 146 145 156 164 161 152 148 145 148 135 125 108 118 156 157 137 111 130 116 132 136 171 157 172 235 198 151 122 122 112 84 74 111 135 79 96 113 92 78 92 112 92 155 216 237 223 156 205 183 135 163 105 180 199 236 160 156 194 230 246 231 213 158 136 134 94 91 166 179
222 212 244 270 276 276 281 280 272 277 283 283 279 280 281 275 274 278 272 259 263 246 232 216 195 182 188 201 195 172 151 141 131 125 143 128 133 152 139 106 99 116 129 121 121 181 180 214 200 170 98 84 59 82 116 172 180 138 109 68 122 178 143 89 139 160 141 174 235 250 181 239 208 144 148 196 120 150 195 220 148 120 123 132 159 156 104 61 133 140 103 91 101 176
235 238 249 269 281 286 290 282 271 277 282 279 278 276 279 275 272 267 272 261 249 218 210 217 214 204 191 179 175 165 180 170 144 155 125 120 104 146 146 114 109 103 118 100 123 152 147 140 140 89 87 92 141 175 200 260 234 174 117 123 129 195 212 174 200 224 156 243 261 214 253 262 256 210 239 212 169 239 223 156 122 106 115 110 108 104 85 87 132 116 117 96 110 108
224 239 261 273 282 289 293 288 278 264 269 268 267 267 267 259 246 250 252 244 235 218 214 218 203 184 168 160 150 150 142 166 168 165 141 115 118 110 115 146 111 99 111 119 117 130 120 132 145 129 143 172 176 158 208 266 254 255 211 149 235 210 268 181 219 255 267 278 260 281 290 280 256 258 274 237 240 252 193 146 120 131 134 116 118 136 138 111 108 127 111 112 120 96
265 242 257 278 288 294 295 291 283 271 256 251 244 239 235 235 221 211 208 199 213 200 200 186 166 161 164 154 144 148 142 155 150 137 136 131 123 132 124 104 145 144 144 132 115 123 136 146 118 110 131 139 128 116 229 242 209 261 252 222 277 287 257 203 219 273 292 272 299 298 296 281 283 282 263 231 259 257 220 172 153 170 115 141 168 173 174 157 153 137 129 118 107 102
281 272 255 277 288 293 290 291 289 280 272 264 257 234 232 215 208 187 170 175 174 165 159 157 145 149 136 153 159 166 167 172 164 159 163 156 145 139 135 125 120 135 114 113 120 105 108 95 111 124 106 106 120 161 226 240 226 255 279 285 305 312 299 309 299 295 276 303 306 292 296 299 295 273 275 265 270 224 240 224 211 168 161 187 181 206 195 154 150 152 144 124 96 105
290 291 276 273 285 288 286 290 296 292 289 284 279 270 266 250 209 175 200 222 208 184 164 172 174 164 163 163 160 166 165 152 154 145 144 138 133 133 129 135 136 135 146 128 142 146 160 158 138 135 129 155 191 196 225 226 212 213 241 256 283 305 326 328 321 312 301 308 306 305 315 316 312 297 287 286 277 259 262 265 255 221 215 173 196 233 223 225 180 129 122 116 98 114
305 305 302 298 293 288 294 294 294 284 275 285 290 286 280 272 258 249 238 195 174 180 177 177 169 151 149 152 146 146 147 147 153 148 146 144 152 156 150 149 148 159 142 161 161 135 130 153 158 171 164 167 181 203 235 216 167 167 215 236 267 286 305 317 327 323 318 312 314 324 323 322 322 318 309 295 278 287 273 246 235 246 206 176 157 209 238 243 224 197 151 137 118 101
306 311 313 312 311 309 302 298 286 263 275 282 274 266 250 228 207 193 197 187 178 186 174 167 161 162 157 157 153 153 160 155 152 160 164 151 155 173 170 163 146 141 165 174 146 140 137 156 164 159 180 199 216 231 243 211 142 163 160 130 162 214 242 267 286 284 289 294 323 325 325 325 323 319 318 316 303 306 278 249 218 243 216 202 203 176 202 236 244 227 167 145 124 115
298 305 314 315 307 311 303 288 277 277 281 275 259 240 231 212 183 175 177 184 189 181 161 160 158 156 154 163 164 165 155 159 150 153 178 164 166 185 152 155 151 160 184 170 141 134 127 148 146 152 174 190 210 239 235 192 153 181 202 219 225 189 167 187 225 257 280 295 317 321 318 306 306 319 319 314 304 301 274 257 231 266 239 206 203 178 127 193 228 242 230 202 129 134
297 300 313 316 313 314 304 288 291 293 282 271 257 255 239 219 210 188 189 175 162 158 170 163 176 176 173 159 162 164 158 173 177 187 188 159 181 201 171 194 212 196 156 131 150 121 143 148 148 187 203 197 186 210 190 181 193 192 223 231 250 262 249 226 235 242 268 282 292 306 287 298 315 314 315 312 308 295 285 291 268 269 237 255 256 223 144 134 200 230 243 234 166 147
299 307 314 317 316 315 311 304 300 294 286 276 270 266 249 225 219 215 182 176 190 205 205 199 185 183 175 175 168 158 173 175 206 219 203 165 211 230 218 213 176 141 140 166 145 118 154 155 171 194 220 211 201 201 215 215 187 176 226 258 264 281 269 254 266 273 294 305 313 308 306 321 318 311 307 307 305 302 303 301 294 296 285 281 267 240 191 118 147 193 212 219 176 144
261 298 315 321 319 316 312 307 303 296 285 280 283 284 278 266 246 228 222 237 233 217 190 202 198 186 165 167 178 182 196 189 205 210 237 180 219 246 217 204 185 161 171 157 159 139 149 142 183 218 233 234 224 233 230 186 215 215 251 272 285 281 293 297 295 292 299 313 322 321 320 323 318 312 310 307 306 309 305 303 303 306 302 293 272 260 242 179 197 170 166 198 154 194
245 262 307 317 314 312 312 307 301 298 290 289 292 293 281 266 255 260 248 255 241 234 244 230 217 201 175 174 179 192 208 202 220 246 234 216 244 229 194 159 166 173 159 153 174 171 173 204 228 236 238 231 235 233 204 179 215 240 265 272 270 289 302 309 299 306 310 311 312 316 322 316 317 316 312 311 313 309 305 305 308 310 311 298 288 286 279 254 251 228 238 235 194 182
263 254 297 314 313 314 314 307 305 297 287 289 299 284 276 283 280 256 250 245 267 248 217 215 189 169 173 189 211 236 239 197 241 265 238 243 230 210 185 184 197 164 167 173 198 192 208 229 240 240 225 219 231 222 197 201 211 224 240 267 286 303 317 322 322 324 315 296 296 312 326 325 321 316 315 312 310 306 306 307 310 313 313 311 300 298 297 289 289 265 244 226 227 223
