markdown_tutorials/Maxent_Alex/sdm_pakistan_maxent/Env_layers/tmean_worldclim_07.asc
NCOLS 120 
NROWS 120 
XLLCORNER 60 
YLLCORNER 20 
CELLSIZE 0.166666666666667 
NODATA_value -32768 
[rows 42 to 83 of 120, columns 0 to 93 of 120]
276 280 298 311 322 321 316 310 311 309 305 304 301 296 300 294 299 297 286 273 270 230 211 191 183 207 203 215 252 250 224 217 271 278 250 221 241 227 217 219 193 150 183 222 200 210 228 241 242 232 229 237 221 206 214 225 242 253 266 270 294 311 323 331 331 327 313 327 332 329 324 322 317 311 310 308 305 306 308 311 313 314 313 313 311 307 306 304 303 292 281 251 209 163
276 283 297 314 323 326 323 316 309 312 317 308 306 322 320 316 311 299 296 288 279 252 245 215 217 222 228 258 274 256 235 234 277 268 246 264 257 245 214 183 172 168 211 235 227 240 249 247 246 244 243 235 208 219 218 237 220 224 213 244 273 297 321 333 333 331 323 334 335 331 316 320 313 304 301 296 296 298 301 312 315 316 314 314 313 312 311 311 310 302 293 274 240 210
274 280 282 310 326 330 323 309 315 326 327 326 330 329 323 318 310 301 285 278 265 266 249 243 243 232 257 275 285 268 261 267 295 274 280 277 258 219 176 215 230 236 246 235 248 246 244 250 251 248 243 231 234 246 228 233 206 205 226 253 273 279 316 330 332 331 329 331 335 334 326 304 294 291 304 312 319 320 320 320 319 317 316 315 314 313 311 310 310 307 301 292 283 272
278 283 277 281 317 331 329 323 329 329 331 329 334 327 321 291 291 301 302 303 288 290 285 271 249 259 279 290 296 296 298 295 266 269 270 255 237 216 218 247 256 255 238 254 251 235 247 252 250 242 237 235 240 257 247 229 230 246 251 276 301 314 331 331 326 319 315 324 334 334 332 324 311 320 327 326 324 323 322 320 319 318 317 316 314 312 310 309 309 307 304 301 297 288
264 281 301 296 302 325 330 331 329 332 335 336 336 330 328 321 323 325 323 318 313 309 301 287 279 286 293 300 305 306 300 282 259 253 251 255 251 263 263 271 262 261 264 257 243 251 249 243 236 233 230 222 230 249 270 260 266 279 278 291 311 330 335 335 326 322 321 334 333 333 332 331 330 329 328 326 324 323 322 321 320 319 317 316 314 313 311 310 309 307 305 303 301 298
268 269 301 306 310 323 330 335 336 336 336 337 337 336 333 330 331 329 326 324 320 313 307 301 302 306 308 309 311 312 299 287 269 275 277 282 281 280 270 266 272 272 262 244 250 245 236 231 231 237 234 239 244 234 276 286 290 298 308 307 329 337 337 335 333 332 332 332 332 332 332 331 330 329 328 326 325 323 322 321 320 319 318 316 315 314 312 311 309 307 306 303 302 300
278 265 294 296 307 323 332 336 336 336 336 337 339 339 337 335 333 331 330 328 325 318 316 315 315 315 316 316 318 305 294 273 279 290 295 301 299 286 283 284 277 269 250 247 243 250 242 238 239 242 247 248 255 249 263 293 302 297 301 282 321 337 337 335 333 331 331 331 332 331 332 330 330 329 328 326 325 324 323 322 321 319 319 317 316 315 313 311 309 307 306 303 302 302
280 279 294 302 308 317 328 336 336 337 337 339 340 339 338 338 337 336 334 332 326 323 322 322 321 322 323 323 322 316 310 304 301 307 310 306 303 298 289 284 285 264 242 251 261 248 249 248 250 250 252 256 261 258 268 268 298 298 281 265 318 335 337 336 333 331 331 331 331 331 332 330 330 330 329 327 326 325 323 322 321 320 319 317 317 315 314 311 309 307 306 305 303 303
292 295 305 312 310 318 329 336 337 338 340 340 341 343 342 342 341 338 333 329 327 326 325 325 327 327 327 324 325 325 322 320 321 320 318 315 309 304 302 297 288 271 263 261 256 252 252 253 253 254 256 259 265 265 264 275 289 293 255 246 305 327 338 337 335 334 332 333 332 332 332 331 331 331 329 328 327 325 323 322 322 320 320 318 318 316 314 311 310 308 307 306 306 305
293 307 310 307 318 321 328 335 336 338 341 343 345 344 345 344 342 334 331 331 331 329 329 330 331 331 327 320 319 322 321 323 323 323 321 318 311 307 298 297 276 265 263 260 253 247 244 245 249 248 256 259 261 254 259 283 301 281 261 262 291 327 338 338 338 336 335 334 334 333 333 332 332 331 330 329 328 327 324 323 323 321 320 320 318 316 314 312 311 310 309 308 308 307
272 309 316 313 316 327 330 336 336 338 342 345 346 347 347 346 346 342 338 335 333 332 332 333 335 335 327 321 318 318 319 318 318 317 316 318 310 306 303 295 264 258 256 253 247 244 242 243 246 249 245 249 252 258 272 293 286 268 265 272 283 324 337 340 339 338 336 336 335 335 334 333 333 332 331 330 329 328 326 324 323 323 321 320 319 317 315 313 312 311 311 310 309 308
295 308 316 321 321 330 335 337 338 340 344 347 348 348 348 347 347 342 335 334 334 334 335 337 338 338 330 322 317 320 320 320 318 317 315 319 317 318 314 292 250 248 242 240 241 232 236 241 243 242 250 259 260 257 277 290 271 269 267 288 291 322 335 341 341 340 338 337 337 336 335 335 334 333 332 331 330 329 327 326 325 324 322 321 320 319 317 315 314 313 312 312 311 310
303 298 302 318 329 334 338 338 340 342 345 348 349 348 340 337 340 336 336 336 336 337 338 340 342 337 331 322 320 323 323 323 321 319 319 318 320 321 313 267 253 239 239 241 238 220 238 255 268 266 261 265 274 277 286 276 269 264 279 286 281 315 332 341 342 341 340 339 338 337 337 336 335 334 333 332 331 330 328 327 326 325 324 323 322 320 319 317 315 314 314 313 312 312
290 287 289 295 327 336 339 340 341 342 344 347 349 347 336 337 336 337 337 338 339 340 342 343 345 339 331 326 325 326 327 326 324 323 323 323 324 320 290 274 285 283 278 264 240 241 255 254 260 275 277 277 278 276 275 275 275 277 287 290 271 317 330 342 344 342 341 340 339 338 338 337 337 335 334 333 332 331 329 328 327 326 325 324 323 322 320 319 317 316 315 314 314 313
290 287 292 288 316 337 341 341 342 342 344 347 349 349 347 347 341 339 340 341 346 346 347 347 345 337 330 330 330 330 330 328 328 328 328 330 330 318 272 296 296 290 276 259 244 223 216 234 250 256 258 261 264 272 279 282 282 286 292 295 291 320 328 342 344 343 342 341 340 340 339 338 338 336 335 334 332 331 330 329 328 328 327 326 325 324 322 320 318 318 316 316 314 314
276 281 291 292 318 339 341 342 343 343 345 344 346 351 352 349 344 343 344 348 347 338 347 348 344 336 333 335 335 336 335 333 334 334 336 337 335 310 292 298 292 281 255 247 243 231 209 212 238 255 263 268 276 286 287 287 285 283 284 286 286 312 327 342 345 344 343 342 341 341 340 340 338 337 336 335 334 333 331 330 330 329 329 328 326 325 323 322 320 319 318 317 316 315
273 283 290 291 320 339 343 343 344 344 345 346 346 347 350 349 348 348 348 348 342 339 340 342 338 333 336 340 340 340 342 341 340 341 342 343 340 321 306 298 275 275 256 212 254 269 271 255 245 257 271 279 282 290 295 289 287 281 274 285 274 318 332 345 345 344 343 342 342 342 341 341 340 339 338 336 335 334 332 331 330 330 330 330 329 327 325 323 322 320 319 318 317 315
268 285 291 280 308 337 343 345 346 346 348 348 347 350 351 349 348 349 350 345 337 334 333 335 334 334 338 341 342 343 344 345 345 346 347 347 342 310 303 296 274 257 244 242 276 309 313 311 295 265 270 295 303 304 302 293 287 272 281 290 281 326 341 346 346 345 344 343 343 342 342 341 341 340 339 338 337 335 333 332 332 332 332 332 330 329 327 325 323 322 320 319 317 316
289 284 291 275 288 323 340 345 348 350 350 352 354 357 357 356 353 350 346 337 330 327 325 325 327 333 337 339 341 345 345 346 347 349 351 350 331 303 305 296 284 267 262 277 293 327 343 338 334 301 293 301 305 288 286 280 279 289 288 280 304 337 345 347 346 345 344 343 344 342 342 341 341 341 340 339 339 337 335 332 332 333 334 334 332 330 328 326 324 323 321 319 318 317
284 275 280 286 276 295 322 341 347 351 353 354 356 356 355 353 348 343 337 329 317 318 316 316 321 326 331 333 338 345 348 349 350 352 353 351 332 313 307 280 278 258 259 293 344 343 353 357 349 342 312 301 297 294 293 294 301 297 298 288 334 345 346 347 346 345 345 343 344 342 342 341 341 341 341 342 341 339 337 335 335 335 334 334 333 331 329 327 325 323 322 320 319 317
264 267 271 269 272 283 278 307 338 348 350 349 350 350 350 344 341 336 330 319 306 307 307 308 310 308 309 318 336 348 350 351 352 354 354 352 342 321 300 275 265 246 261 300 341 361 369 368 364 351 326 310 304 303 306 300 302 308 303 307 343 347 347 347 346 345 344 344 343 343 341 341 341 342 342 343 342 341 340 337 337 336 336 334 333 332 329 328 326 324 323 321 319 318
273 274 270 255 270 280 285 279 302 338 344 342 341 342 343 334 332 332 328 319 303 300 294 297 297 298 314 330 345 348 350 351 352 353 353 351 333 303 280 276 253 247 260 276 330 367 369 368 365 355 343 326 310 310 310 304 310 311 310 320 344 347 347 346 345 344 344 343 343 342 341 341 342 343 343 343 343 343 342 340 338 337 336 335 333 332 330 328 327 325 323 322 320 319
294 285 281 265 267 265 283 302 286 319 334 332 333 334 329 318 309 326 334 327 315 319 309 309 310 318 328 339 345 347 348 350 351 352 350 340 309 295 270 258 246 242 268 272 342 368 369 368 366 361 339 321 311 313 308 307 310 313 317 332 346 348 347 346 345 344 343 343 342 342 342 342 342 343 344 344 345 344 343 341 339 338 337 334 333 332 330 329 327 325 324 322 320 319
278 290 287 277 265 257 276 314 316 322 328 332 332 334 326 325 306 323 342 339 335 332 327 326 327 328 332 338 342 344 347 349 348 341 335 324 304 268 267 250 225 239 256 289 354 369 368 366 364 361 351 343 338 330 317 314 319 321 320 344 349 349 347 345 344 343 343 342 341 342 341 341 342 343 344 345 345 344 343 342 340 337 336 334 332 331 330 329 326 325 324 322 321 319
301 288 291 278 261 259 279 302 322 336 335 341 344 345 345 346 345 350 351 349 344 341 338 336 334 335 336 339 341 339 330 329 329 339 337 310 282 262 258 235 213 250 297 314 357 368 366 365 363 360 356 345 323 325 321 329 334 334 342 349 349 348 347 345 343 342 342 341 341 341 342 341 342 342 343 343 344 343 343 341 339 336 335 333 332 331 329 327 325 325 323 322 321 319
311 286 291 280 261 245 262 281 301 328 341 343 350 351 352 356 357 359 358 356 351 348 347 344 339 335 332 330 323 309 311 323 343 342 335 298 269 263 255 229 244 244 278 326 366 366 365 363 362 360 357 353 347 345 343 344 340 341 347 351 350 348 346 344 342 341 341 341 341 340 341 341 341 342 342 343 343 343 341 340 337 336 335 333 332 330 328 326 325 323 322 321 319 318
323 288 296 289 280 259 229 269 296 321 343 346 348 354 356 359 360 362 362 359 357 354 351 344 330 315 314 322 324 326 340 347 346 345 328 289 270 269 240 225 262 260 290 339 365 365 364 362 360 359 358 356 352 350 350 348 349 349 350 351 350 348 346 344 341 340 340 340 340 340 340 341 340 341 341 342 341 341 340 338 336 335 334 333 330 329 327 325 323 322 320 319 318 316
331 309 302 299 294 285 285 292 304 286 321 343 350 354 358 359 361 363 362 361 359 356 353 344 333 336 340 342 344 347 346 346 345 340 316 277 275 269 248 274 276 272 297 340 361 363 362 360 359 358 356 355 354 353 353 352 353 351 351 351 350 348 346 344 342 340 339 339 339 339 339 340 339 340 340 340 340 339 338 337 335 335 333 331 329 327 325 323 321 319 318 317 316 314
322 324 303 297 302 299 297 302 309 277 293 318 336 348 357 360 362 362 361 360 358 356 355 353 351 350 348 347 346 345 344 343 340 326 305 280 280 265 268 274 264 277 291 322 359 361 360 359 357 356 355 353 353 352 352 352 351 351 351 351 349 348 346 343 341 340 339 338 338 338 338 338 338 339 339 338 338 338 338 337 335 334 332 329 327 325 322 320 319 317 316 315 313 312
284 320 291 295 304 307 305 306 308 289 264 300 310 330 349 356 361 361 360 358 356 354 353 352 350 348 347 346 344 343 341 337 329 303 294 273 277 273 276 279 285 283 304 312 346 359 358 357 356 354 353 352 351 350 350 350 350 350 351 351 349 347 344 342 340 339 338 337 337 337 337 337 337 337 336 336 335 335 335 334 333 331 329 326 324 322 320 318 316 315 314 312 311 309
310 332 309 298 308 307 307 299 300 302 291 291 284 307 329 348 355 356 357 357 355 353 351 349 348 347 345 344 342 340 336 326 305 286 290 277 275 272 274 278 263 290 286 309 322 358 357 355 354 353 351 350 349 348 348 349 349 349 350 349 347 344 342 340 338 337 337 337 336 336 335 335 334 334 334 333 332 331 332 331 330 328 325 323 321 320 318 316 315 313 311 309 307 306
341 346 332 324 320 318 307 290 306 303 305 304 275 299 314 335 346 348 351 352 351 350 349 347 346 344 343 341 337 330 320 301 280 281 285 282 289 288 279 283 290 290 297 304 325 355 355 354 352 351 350 349 347 347 347 347 348 348 347 346 344 342 340 338 336 336 335 335 335 334 333 332 332 331 331 330 328 327 326 326 326 324 322 320 319 317 316 315 313 311 308 304 302 300
353 355 346 341 333 327 316 297 294 313 313 305 304 295 312 324 335 337 339 342 342 344 343 342 341 337 328 321 320 303 286 283 275 281 289 289 282 291 275 278 290 280 281 291 343 353 353 352 351 349 348 347 346 345 346 345 346 346 345 344 342 340 338 336 335 334 334 333 332 331 331 330 329 329 328 327 326 324 323 322 321 321 320 319 318 315 314 313 311 308 304 301 297 300
358 360 358 344 351 343 312 301 290 310 317 313 305 312 303 303 319 322 323 326 329 333 332 329 326 322 315 300 288 286 288 278 282 274 287 282 285 288 281 267 293 297 294 304 345 351 351 350 349 348 347 346 345 343 344 344 344 344 342 342 340 338 335 333 332 332 331 330 329 328 327 326 325 326 326 325 324 322 321 320 319 320 319 318 317 315 313 311 309 305 301 300 300 298
358 361 364 364 366 354 332 306 305 294 307 311 315 311 316 306 301 295 295 308 325 318 314 316 311 301 293 295 294 289 284 288 284 272 284 293 297 285 282 274 286 301 296 319 347 350 349 348 347 347 346 345 343 342 343 342 342 341 340 340 337 335 332 328 328 328 329 328 327 325 323 322 321 322 324 322 321 320 319 318 317 318 317 316 316 314 311 309 307 303 300 302 300 300
352 355 359 362 359 340 314 305 299 306 308 309 311 313 315 316 317 316 318 322 324 322 318 310 305 303 301 295 287 289 296 295 285 294 271 301 288 283 289 286 290 295 304 315 347 348 347 346 346 345 345 344 342 342 342 341 340 339 339 337 336 333 328 326 326 326 325 325 324 323 321 320 319 318 318 318 317 317 317 316 315 315 314 313 313 310 309 306 303 304 303 303 301 300
339 341 336 333 326 315 300 300 298 295 296 300 303 301 302 305 303 305 311 315 318 321 319 316 310 300 295 290 293 292 290 291 297 278 299 292 293 279 289 290 290 294 304 327 345 346 345 345 344 344 344 343 342 341 340 339 338 337 336 335 333 331 327 325 324 321 321 321 320 319 319 318 318 316 315 314 313 314 315 314 313 312 311 311 311 309 307 303 300 303 304 302 302 301
321 321 310 300 296 298 306 312 308 307 305 309 315 308 298 300 304 307 306 308 311 315 314 312 306 299 291 286 286 290 291 285 301 300 308 282 295 284 301 283 291 298 303 327 343 344 344 343 343 344 343 342 340 340 338 337 336 335 335 333 332 329 325 322 318 316 316 316 315 314 316 316 315 314 313 313 312 311 313 312 311 311 309 310 309 307 304 300 299 301 302 302 303 303
300 291 290 306 315 306 300 311 303 302 307 311 314 324 324 321 317 311 308 310 309 310 309 306 299 294 293 292 290 293 299 308 308 309 312 306 303 307 319 297 291 302 310 322 341 342 342 342 342 342 342 340 339 338 337 336 334 333 333 331 329 327 324 321 318 315 315 313 312 312 314 315 314 313 312 312 312 312 313 312 311 308 309 309 307 305 300 295 296 298 301 303 303 304
313 310 309 309 315 311 311 322 316 317 320 317 319 327 313 311 318 318 318 320 317 315 312 311 306 305 298 288 284 299 309 312 312 314 320 313 304 324 322 297 287 309 312 312 331 339 340 340 340 340 340 339 338 337 335 334 333 331 330 329 328 325 323 321 318 316 314 312 312 313 314 315 313 312 311 312 313 311 312 312 311 310 307 306 305 301 299 293 294 298 299 301 302 303
319 319 316 318 321 317 320 321 326 327 325 328 328 330 324 319 320 323 324 322 323 317 312 310 305 298 293 299 305 305 301 309 313 315 320 311 310 332 328 311 288 301 314 315 315 324 335 334 339 339 338 337 337 336 334 332 331 330 328 327 326 324 322 320 317 314 312 313 313 313 314 314 313 313 314 314 314 311 312 311 310 308 307 305 303 298 295 294 296 298 299 300 301 303
322 320 320 321 313 316 317 318 322 328 330 329 329 330 334 337 338 336 333 325 320 309 301 304 303 303 304 303 300 300 306 313 313 300 308 312 309 324 332 323 301 306 309 309 308 310 322 326 336 337 337 336 335 334 333 331 329 328 326 325 324 322 320 318 315 312 310 313 313 313 313 314 314 315 314 314 313 312 311 310 309 307 304 303 299 293 292 293 295 297 298 299 300 301
